1.0333333333306538e+01	9.2027907737531600e-01	2.6790123456739958e+00	
1.0333333333307372e+01	9.2027907737525194e-01	2.6790123456732973e+00	
1.0333333333312902e+01	9.2027907737456238e-01	2.6790123456727741e+00	
1.0333333333317499e+01	9.2027907737400083e-01	2.6790123456719757e+00	
1.0333333333321317e+01	9.2027907737354719e-01	2.6790123456708756e+00	
1.0333333333324488e+01	9.2027907737318415e-01	2.6790123456694426e+00	
1.0333333333327111e+01	9.2027907737289794e-01	2.6790123456676365e+00	
1.0333333333329273e+01	9.2027907737267778e-01	2.6790123456654156e+00	
1.0333333333331039e+01	9.2027907737251557e-01	2.6790123456627377e+00	
1.0333333333332448e+01	9.2027907737240489e-01	2.6790123456595616e+00	
1.0333333333333520e+01	9.2027907737234449e-01	2.6790123456558552e+00	
1.0333333333334251e+01	9.2027907737233516e-01	2.6790123456516048e+00	
1.0333333333334600e+01	9.2027907737238279e-01	2.6790123456468251e+00	
1.0333333333334478e+01	9.2027907737249881e-01	2.6790123456415773e+00	
1.0333333333333755e+01	9.2027907737270120e-01	2.6790123456360013e+00	
1.0333333333332222e+01	9.2027907737301862e-01	2.6790123456303414e+00	
1.0333333333329573e+01	9.2027907737349213e-01	2.6790123456250030e+00	
1.0333333333325367e+01	9.2027907737418146e-01	2.6790123456206141e+00	
1.0333333333318985e+01	9.2027907737516979e-01	2.6790123456181179e+00	
1.0333333333309570e+01	9.2027907737657155e-01	2.6790123456188923e+00	
1.0333333333295963e+01	9.2027907737854242e-01	2.6790123456249164e+00	
1.0333333333276601e+01	9.2027907738129300e-01	2.6790123456389860e+00	
1.0333333333249403e+01	9.2027907738510117e-01	2.6790123456649990e+00	
1.0333333333211666e+01	9.2027907739033032e-01	2.6790123457083435e+00	
1.0333333333159899e+01	9.2027907739744652e-01	2.6790123457763930e+00	
1.0333333333089730e+01	9.2027907740703763e-01	2.6790123458791739e+00	
1.0333333332995739e+01	9.2027907741982784e-01	2.6790123460302206e+00	
1.0333333332871428e+01	9.2027907743668846e-01	2.6790123462477071e+00	
1.0333333332709211e+01	9.2027907745863557e-01	2.6790123465559068e+00	
1.0333333332500533e+01	9.2027907748681381e-01	2.6790123469870779e+00	
1.0333333332236231e+01	9.2027907752245197e-01	2.6790123475839116e+00	
1.0333333331907021e+01	9.2027907756679217e-01	2.6790123484026465e+00	
1.0333333331504361e+01	9.2027907762097860e-01	2.6790123495170732e+00	
1.0333333331021544e+01	9.2027907768591011e-01	2.6790123510236130e+00	
1.0333333330455064e+01	9.2027907776205564e-01	2.6790123530477450e+00	
1.0333333329806207e+01	9.2027907784924379e-01	2.6790123557521146e+00	
1.0333333329082635e+01	9.2027907794644970e-01	2.6790123593466917e+00	
1.0333333328299787e+01	9.2027907805160603e-01	2.6790123641014585e+00	
1.0333333327481814e+01	9.2027907816148113e-01	2.6790123703621904e+00	
1.0333333326661668e+01	9.2027907827166311e-01	2.6790123785699955e+00	
1.0333333325880146e+01	9.2027907837669110e-01	2.6790123892854463e+00	
1.0333333325183599e+01	9.2027907847036028e-01	2.6790124032182505e+00	
1.0333333324620355e+01	9.2027907854620072e-01	2.6790124212636290e+00	
1.0333333324236063e+01	9.2027907859810232e-01	2.6790124445467298e+00	
1.0333333324068407e+01	9.2027907862101954e-01	2.6790124744766297e+00	
1.0333333324141972e+01	9.2027907861166158e-01	2.6790125128116622e+00	
1.0333333324464055e+01	9.2027907856905034e-01	2.6790125617379617e+00	
1.0333333325022293e+01	9.2027907849484147e-01	2.6790126239632288e+00	
1.0333333325784727e+01	9.2027907839331258e-01	2.6790127028277029e+00	
1.0333333326702524e+01	9.2027907827099975e-01	2.6790128024341477e+00	
1.0333333327715179e+01	9.2027907813600174e-01	2.6790129277982797e+00	
1.0333333328757387e+01	9.2027907799706010e-01	2.6790130850202631e+00	
1.0333333329766541e+01	9.2027907786255470e-01	2.6790132814766840e+00	
1.0333333330689552e+01	9.2027907773959039e-01	2.6790135260304138e+00	
1.0333333331487923e+01	9.2027907763331906e-01	2.6790138292528525e+00	
1.0333333332140249e+01	9.2027907754660343e-01	2.6790142036486193e+00	
1.0333333332642020e+01	9.2027907748004478e-01	2.6790146638664996e+00	
1.0333333333003024e+01	9.2027907743232917e-01	2.6790152268714169e+00	
1.0333333333243148e+01	9.2027907740079007e-01	2.6790159120395933e+00	
1.0333333333387621e+01	9.2027907738204728e-01	2.6790167411215200e+00	
1.0333333333462537e+01	9.2027907737260084e-01	2.6790177379932314e+00	
1.0333333333491495e+01	9.2027907736928771e-01	2.6790189280835990e+00	
1.0333333333493538e+01	9.2027907736955050e-01	2.6790203373209160e+00	
1.0333333333482461e+01	9.2027907737153580e-01	2.6790219903825174e+00	
1.0333333333467156e+01	9.2027907737404568e-01	2.6790239079515827e+00	
1.0333333333452531e+01	9.2027907737641290e-01	2.6790261025796300e+00	
1.0333333333440702e+01	9.2027907737834391e-01	2.6790285726135883e+00	
1.0333333333432083e+01	9.2027907737977266e-01	2.6790312934625802e+00	
1.0333333333426207e+01	9.2027907738074799e-01	2.6790342052387923e+00	
1.0333333333422305e+01	9.2027907738135839e-01	2.6790371954926759e+00	
1.0333333333419606e+01	9.2027907738169068e-01	2.6790400753542278e+00	
1.0333333333417473e+01	9.2027907738181292e-01	2.6790425468631631e+00	
1.0333333333415419e+01	9.2027907738176973e-01	2.6790441585881544e+00	
1.0333333333413089e+01	9.2027907738158643e-01	2.6790442457576251e+00	
1.0333333333410229e+01	9.2027907738127257e-01	2.6790418500001176e+00	
1.0333333333406637e+01	9.2027907738082804e-01	2.6790356123568868e+00	
1.0333333333402145e+01	9.2027907738024539e-01	2.6790236314040898e+00	
1.0333333333396597e+01	9.2027907737951220e-01	2.6790032760098197e+00	
1.0333333333389840e+01	9.2027907737861203e-01	2.6789709393348722e+00	
1.0333333333381711e+01	9.2027907737752612e-01	2.6789217170244197e+00	
1.0333333333372041e+01	9.2027907737623260e-01	2.6788489879636175e+00	
