1.0333333332743736e+01	9.2027907745598236e-01	2.6790123456342831e+00	
1.0333333332721836e+01	9.2027907745391213e-01	2.6790123457393320e+00	
1.0333333332264180e+01	9.2027907750939220e-01	2.6790123458702721e+00	
1.0333333331999031e+01	9.2027907753823179e-01	2.6790123460968340e+00	
1.0333333331866736e+01	9.2027907754831806e-01	2.6790123464457891e+00	
1.0333333331823022e+01	9.2027907754547400e-01	2.6790123469555667e+00	
1.0333333331835306e+01	9.2027907753394544e-01	2.6790123476792198e+00	
1.0333333331879860e+01	9.2027907751678240e-01	2.6790123486883890e+00	
1.0333333331939603e+01	9.2027907749613258e-01	2.6790123500784961e+00	
1.0333333332002415e+01	9.2027907747346760e-01	2.6790123519754592e+00	
1.0333333332059825e+01	9.2027907744975512e-01	2.6790123545443127e+00	
1.0333333332106026e+01	9.2027907742559223e-01	2.6790123580002025e+00	
1.0333333332137103e+01	9.2027907740130488e-01	2.6790123626223279e+00	
1.0333333332150492e+01	9.2027907737702164e-01	2.6790123687715610e+00	
1.0333333332144516e+01	9.2027907735273051e-01	2.6790123769126031e+00	
1.0333333332118098e+01	9.2027907732832004e-01	2.6790123876417442e+00	
1.0333333332070501e+01	9.2027907730360836e-01	2.6790124017215033e+00	
1.0333333332001175e+01	9.2027907727836544e-01	2.6790124201236911e+00	
1.0333333331909607e+01	9.2027907725232649e-01	2.6790124440826957e+00	
1.0333333331795252e+01	9.2027907722520441e-01	2.6790124751611679e+00	
1.0333333331657458e+01	9.2027907719669311e-01	2.6790125153305770e+00	
1.0333333331495419e+01	9.2027907716647261e-01	2.6790125670695377e+00	
1.0333333331308140e+01	9.2027907713421142e-01	2.6790126334831581e+00	
1.0333333331094412e+01	9.2027907709956558e-01	2.6790127184470438e+00	
1.0333333330852801e+01	9.2027907706217793e-01	2.6790128267798869e+00	
1.0333333330581628e+01	9.2027907702167699e-01	2.6790129644487526e+00	
1.0333333330278952e+01	9.2027907697767475e-01	2.6790131388111345e+00	
1.0333333329942567e+01	9.2027907692976330e-01	2.6790133588974836e+00	
1.0333333329569987e+01	9.2027907687751298e-01	2.6790136357369874e+00	
1.0333333329158434e+01	9.2027907682046861e-01	2.6790139827276809e+00	
1.0333333328704821e+01	9.2027907675814624e-01	2.6790144160491187e+00	
1.0333333328205740e+01	9.2027907669002940e-01	2.6790149551113469e+00	
1.0333333327657446e+01	9.2027907661556596e-01	2.6790156230271216e+00	
1.0333333327055833e+01	9.2027907653416408e-01	2.6790164470843085e+00	
1.0333333326396417e+01	9.2027907644518736e-01	2.6790174591810172e+00	
1.0333333325674317e+01	9.2027907634795214e-01	2.6790186961656008e+00	
1.0333333324884208e+01	9.2027907624172134e-01	2.6790201999950884e+00	
1.0333333324020312e+01	9.2027907612570170e-01	2.6790220175861652e+00	
1.0333333323076367e+01	9.2027907599903647e-01	2.6790242001786413e+00	
1.0333333322045569e+01	9.2027907586080215e-01	2.6790268019578081e+00	
1.0333333320920564e+01	9.2027907571000223e-01	2.6790298775827242e+00	
1.0333333319693384e+01	9.2027907554556054e-01	2.6790334781342122e+00	
1.0333333318355415e+01	9.2027907536631637e-01	2.6790376448186173e+00	
1.0333333316897335e+01	9.2027907517101670e-01	2.6790423995274759e+00	
1.0333333315309080e+01	9.2027907495830952e-01	2.6790477310417709e+00	
1.0333333313579761e+01	9.2027907472673598e-01	2.6790535752598479e+00	
1.0333333311697638e+01	9.2027907447472312e-01	2.6790597872919566e+00	
1.0333333309650019e+01	9.2027907420057498e-01	2.6790661025651308e+00	
1.0333333307423191e+01	9.2027907390246377e-01	2.6790720831740753e+00	
1.0333333305002357e+01	9.2027907357842142e-01	2.6790770445385901e+00	
1.0333333302371534e+01	9.2027907322632829e-01	2.6790799559132341e+00	
1.0333333299513447e+01	9.2027907284390686e-01	2.6790793063495064e+00	
1.0333333296409425e+01	9.2027907242870866e-01	2.6790729252219996e+00	
1.0333333293039271e+01	9.2027907197810821e-01	2.6790577432588756e+00	
1.0333333289381114e+01	9.2027907148929400e-01	2.6790294759938456e+00	
1.0333333285411225e+01	9.2027907095926098e-01	2.6789822064768316e+00	
1.0333333281103819e+01	9.2027907038480850e-01	2.6789078376997373e+00	
1.0333333276430803e+01	9.2027906976253870e-01	2.6787953772282824e+00	
1.0333333271361459e+01	9.2027906908886326e-01	2.6786300066591942e+00	
1.0333333265862064e+01	9.2027906836001760e-01	2.6783918763968915e+00	
1.0333333259895399e+01	9.2027906757208600e-01	2.6780545515175636e+00	
1.0333333253420133e+01	9.2027906672104354e-01	2.6775830168646744e+00	
1.0333333246390017e+01	9.2027906580282048e-01	2.6769311288433810e+00	
1.0333333238752886e+01	9.2027906481339405e-01	2.6760383777956682e+00	
1.0333333230449339e+01	9.2027906374891977e-01	2.6748257990420687e+00	
1.0333333221411081e+01	9.2027906260591041e-01	2.6731908443365628e+00	
1.0333333211558829e+01	9.2027906138147497e-01	2.6710010018721198e+00	
1.0333333200799716e+01	9.2027906007362870e-01	2.6680859379367523e+00	
1.0333333189024133e+01	9.2027905868168047e-01	2.6642279366536519e+00	
1.0333333176102087e+01	9.2027905720669767e-01	2.6591504516139857e+00	
1.0333333161879363e+01	9.2027905565199986e-01	2.6525046786044029e+00	
1.0333333146174766e+01	9.2027905402352717e-01	2.6438542470495419e+00	
1.0333333128782906e+01	9.2027905232948892e-01	2.6326584574982936e+00	
1.0333333109496316e+01	9.2027905057748793e-01	2.6182550249375081e+00	
1.0333333088183009e+01	9.2027904876444566e-01	2.5998440916434156e+00	
1.0333333064990118e+01	9.2027904685033424e-01	2.5764764068128545e+00	
1.0333333040739504e+01	9.2027904470794430e-01	2.5470500422571480e+00	
1.0333333017359058e+01	9.2027904207069833e-01	2.5103217145356753e+00	
1.0333332997530436e+01	9.2027903858542770e-01	2.4649403829401497e+00	
1.0333332982116193e+01	9.2027903413399004e-01	2.4095116173761189e+00	
1.0333332976295594e+01	9.2027903058526239e-01	2.3427002068727862e+00	
