1.0333333327838478e+01	9.2027907822763766e-01	2.6790123447796530e+00	
1.0333333327801403e+01	9.2027907823031285e-01	2.6790123448113627e+00	
1.0333333327550788e+01	9.2027907826142630e-01	2.6790123448307255e+00	
1.0333333327368905e+01	9.2027907828320277e-01	2.6790123448572252e+00	
1.0333333327263649e+01	9.2027907829459554e-01	2.6790123448901100e+00	
1.0333333327240345e+01	9.2027907829490363e-01	2.6790123449285899e+00	
1.0333333327301320e+01	9.2027907828382738e-01	2.6790123449718410e+00	
1.0333333327445652e+01	9.2027907826150213e-01	2.6790123450190126e+00	
1.0333333327669131e+01	9.2027907822850474e-01	2.6790123450692231e+00	
1.0333333327964409e+01	9.2027907818582966e-01	2.6790123451215653e+00	
1.0333333328321389e+01	9.2027907813484211e-01	2.6790123451751149e+00	
1.0333333328727763e+01	9.2027907807720144e-01	2.6790123452289376e+00	
1.0333333329169722e+01	9.2027907801476705e-01	2.6790123452821142e+00	
1.0333333329632756e+01	9.2027907794949459e-01	2.6790123453337680e+00	
1.0333333330102429e+01	9.2027907788332697e-01	2.6790123453830903e+00	
1.0333333330565170e+01	9.2027907781809204e-01	2.6790123454293737e+00	
1.0333333331008921e+01	9.2027907775541395e-01	2.6790123454720356e+00	
1.0333333331423676e+01	9.2027907769664341e-01	2.6790123455106456e+00	
1.0333333331801773e+01	9.2027907764281436e-01	2.6790123455449275e+00	
1.0333333332138077e+01	9.2027907759462335e-01	2.6790123455747712e+00	
1.0333333332429916e+01	9.2027907755243643e-01	2.6790123456002166e+00	
1.0333333332676883e+01	9.2027907751631532e-01	2.6790123456214427e+00	
1.0333333332880510e+01	9.2027907748606197e-01	2.6790123456387400e+00	
1.0333333333043853e+01	9.2027907746127346e-01	2.6790123456524797e+00	
1.0333333333171046e+01	9.2027907744140180e-01	2.6790123456630885e+00	
1.0333333333266863e+01	9.2027907742581283e-01	2.6790123456710142e+00	
1.0333333333336313e+01	9.2027907741383996e-01	2.6790123456767017e+00	
1.0333333333384319e+01	9.2027907740482839e-01	2.6790123456805719e+00	
1.0333333333415446e+01	9.2027907739816905e-01	2.6790123456830006e+00	
1.0333333333433753e+01	9.2027907739332115e-01	2.6790123456843182e+00	
1.0333333333442683e+01	9.2027907738982540e-01	2.6790123456847952e+00	
1.0333333333445045e+01	9.2027907738730630e-01	2.6790123456846473e+00	
1.0333333333443047e+01	9.2027907738546944e-01	2.6790123456840398e+00	
1.0333333333438352e+01	9.2027907738409243e-01	2.6790123456830903e+00	
1.0333333333432154e+01	9.2027907738301418e-01	2.6790123456818771e+00	
1.0333333333425280e+01	9.2027907738212367e-01	2.6790123456804498e+00	
1.0333333333418262e+01	9.2027907738134807e-01	2.6790123456788320e+00	
1.0333333333411426e+01	9.2027907738064219e-01	2.6790123456770352e+00	
1.0333333333404950e+01	9.2027907737998038e-01	2.6790123456750616e+00	
1.0333333333398906e+01	9.2027907737934966e-01	2.6790123456729136e+00	
1.0333333333393329e+01	9.2027907737874481e-01	2.6790123456706056e+00	
1.0333333333388190e+01	9.2027907737816483e-01	2.6790123456681640e+00	
1.0333333333383470e+01	9.2027907737761083e-01	2.6790123456656523e+00	
1.0333333333379132e+01	9.2027907737708414e-01	2.6790123456631760e+00	
1.0333333333375140e+01	9.2027907737658632e-01	2.6790123456609090e+00	
1.0333333333371469e+01	9.2027907737611803e-01	2.6790123456591211e+00	
1.0333333333368083e+01	9.2027907737567993e-01	2.6790123456582138e+00	
1.0333333333364960e+01	9.2027907737527137e-01	2.6790123456587747e+00	
1.0333333333362086e+01	9.2027907737489234e-01	2.6790123456616453e+00	
1.0333333333359437e+01	9.2027907737454151e-01	2.6790123456680073e+00	
1.0333333333357004e+01	9.2027907737421744e-01	2.6790123456795079e+00	
1.0333333333354767e+01	9.2027907737391934e-01	2.6790123456984123e+00	
1.0333333333352716e+01	9.2027907737364500e-01	2.6790123457278150e+00	
1.0333333333350835e+01	9.2027907737339398e-01	2.6790123457719073e+00	
1.0333333333349117e+01	9.2027907737316383e-01	2.6790123458363300e+00	
1.0333333333347547e+01	9.2027907737295400e-01	2.6790123459286272e+00	
1.0333333333346117e+01	9.2027907737276260e-01	2.6790123460588378e+00	
1.0333333333344815e+01	9.2027907737258863e-01	2.6790123462402491e+00	
1.0333333333343635e+01	9.2027907737243031e-01	2.6790123464903726e+00	
1.0333333333342562e+01	9.2027907737228687e-01	2.6790123468321800e+00	
1.0333333333341594e+01	9.2027907737215697e-01	2.6790123472956915e+00	
1.0333333333340718e+01	9.2027907737203984e-01	2.6790123479199810e+00	
1.0333333333339928e+01	9.2027907737193437e-01	2.6790123487557205e+00	
1.0333333333339221e+01	9.2027907737183923e-01	2.6790123498683882e+00	
1.0333333333338580e+01	9.2027907737175396e-01	2.6790123513422972e+00	
1.0333333333338011e+01	9.2027907737167747e-01	2.6790123532856533e+00	
1.0333333333337501e+01	9.2027907737160919e-01	2.6790123558368446e+00	
1.0333333333337045e+01	9.2027907737154802e-01	2.6790123591722810e+00	
1.0333333333336642e+01	9.2027907737149395e-01	2.6790123635160894e+00	
1.0333333333336281e+01	9.2027907737144554e-01	2.6790123691520620e+00	
1.0333333333335961e+01	9.2027907737140280e-01	2.6790123764383247e+00	
1.0333333333335680e+01	9.2027907737136538e-01	2.6790123858252373e+00	
1.0333333333335435e+01	9.2027907737133241e-01	2.6790123978771372e+00	
1.0333333333335217e+01	9.2027907737130343e-01	2.6790124132985764e+00	
1.0333333333335027e+01	9.2027907737127823e-01	2.6790124329657981e+00	
1.0333333333334865e+01	9.2027907737125625e-01	2.6790124579641810e+00	
1.0333333333334725e+01	9.2027907737123738e-01	2.6790124896324228e+00	
1.0333333333334604e+01	9.2027907737122139e-01	2.6790125296141620e+00	
1.0333333333334503e+01	9.2027907737120795e-01	2.6790125799175453e+00	
1.0333333333334418e+01	9.2027907737119630e-01	2.6790126429829804e+00	
1.0333333333334348e+01	9.2027907737118697e-01	2.6790127217587969e+00	
