1.0333333332957638e+01	9.2027907743059068e-01	2.6790123456105848e+00	
1.0333333332968030e+01	9.2027907742968917e-01	2.6790123456042991e+00	
1.0333333333028596e+01	9.2027907742209014e-01	2.6790123456011168e+00	
1.0333333333082347e+01	9.2027907741542236e-01	2.6790123455970440e+00	
1.0333333333129628e+01	9.2027907740963921e-01	2.6790123455925068e+00	
1.0333333333170927e+01	9.2027907740467618e-01	2.6790123455881902e+00	
1.0333333333206795e+01	9.2027907740045745e-01	2.6790123455851349e+00	
1.0333333333237816e+01	9.2027907739690529e-01	2.6790123455848760e+00	
1.0333333333264560e+01	9.2027907739394221e-01	2.6790123455896313e+00	
1.0333333333287575e+01	9.2027907739149439e-01	2.6790123456025445e+00	
1.0333333333307355e+01	9.2027907738949355e-01	2.6790123456280255e+00	
1.0333333333324354e+01	9.2027907738787706e-01	2.6790123456721902e+00	
1.0333333333338985e+01	9.2027907738658954e-01	2.6790123457434456e+00	
1.0333333333351588e+01	9.2027907738558046e-01	2.6790123458532515e+00	
1.0333333333362486e+01	9.2027907738480641e-01	2.6790123460171253e+00	
1.0333333333371939e+01	9.2027907738422865e-01	2.6790123462559370e+00	
1.0333333333380166e+01	9.2027907738381343e-01	2.6790123465975957e+00	
1.0333333333387360e+01	9.2027907738353187e-01	2.6790123470792317e+00	
1.0333333333393673e+01	9.2027907738335835e-01	2.6790123477499934e+00	
1.0333333333399231e+01	9.2027907738327064e-01	2.6790123486746453e+00	
1.0333333333404131e+01	9.2027907738324921e-01	2.6790123499381631e+00	
1.0333333333408447e+01	9.2027907738327708e-01	2.6790123516515911e+00	
1.0333333333412240e+01	9.2027907738333858e-01	2.6790123539594797e+00	
1.0333333333415540e+01	9.2027907738342041e-01	2.6790123570492996e+00	
1.0333333333418368e+01	9.2027907738350956e-01	2.6790123611633176e+00	
1.0333333333420720e+01	9.2027907738359482e-01	2.6790123666135242e+00	
1.0333333333422580e+01	9.2027907738366577e-01	2.6790123738003335e+00	
1.0333333333423914e+01	9.2027907738371295e-01	2.6790123832359183e+00	
1.0333333333424660e+01	9.2027907738372805e-01	2.6790123955732144e+00	
1.0333333333424738e+01	9.2027907738370440e-01	2.6790124116418412e+00	
1.0333333333424038e+01	9.2027907738363690e-01	2.6790124324923732e+00	
1.0333333333422404e+01	9.2027907738352410e-01	2.6790124594506723e+00	
1.0333333333419631e+01	9.2027907738336912e-01	2.6790124941842337e+00	
1.0333333333415437e+01	9.2027907738318193e-01	2.6790125387827524e+00	
1.0333333333409458e+01	9.2027907738298254e-01	2.6790125958554083e+00	
1.0333333333401177e+01	9.2027907738280534e-01	2.6790126686475175e+00	
1.0333333333389902e+01	9.2027907738270665e-01	2.6790127611794099e+00	
1.0333333333374693e+01	9.2027907738277237e-01	2.6790128784103229e+00	
1.0333333333354252e+01	9.2027907738313108e-01	2.6790130264298924e+00	
1.0333333333326809e+01	9.2027907738397052e-01	2.6790132126792483e+00	
1.0333333333289952e+01	9.2027907738555892e-01	2.6790134462025863e+00	
1.0333333333240400e+01	9.2027907738827597e-01	2.6790137379282393e+00	
1.0333333333173734e+01	9.2027907739264714e-01	2.6790141009752939e+00	
1.0333333333084049e+01	9.2027907739939152e-01	2.6790145509773122e+00	
1.0333333332963560e+01	9.2027907740947079e-01	2.6790151064080816e+00	
1.0333333332802171e+01	9.2027907742415105e-01	2.6790157888847639e+00	
1.0333333332587065e+01	9.2027907744505266e-01	2.6790166234102042e+00	
1.0333333332302429e+01	9.2027907747418691e-01	2.6790176384971907e+00	
1.0333333331929483e+01	9.2027907751395477e-01	2.6790188660910985e+00	
1.0333333331447031e+01	9.2027907756706817e-01	2.6790203411712441e+00	
1.0333333330832870e+01	9.2027907763636307e-01	2.6790221008621549e+00	
1.0333333330066376e+01	9.2027907772445017e-01	2.6790241828195795e+00	
1.0333333329132538e+01	9.2027907783317686e-01	2.6790266225669663e+00	
1.0333333328027445e+01	9.2027907796288688e-01	2.6790294493392004e+00	
1.0333333326764908e+01	9.2027907811153820e-01	2.6790326798325457e+00	
1.0333333325383112e+01	9.2027907827380562e-01	2.6790363090510727e+00	
1.0333333323949653e+01	9.2027907844040857e-01	2.6790402971655189e+00	
1.0333333322562581e+01	9.2027907859796931e-01	2.6790445509411729e+00	
1.0333333321345052e+01	9.2027907872972503e-01	2.6790488978226539e+00	
1.0333333320431960e+01	9.2027907881731841e-01	2.6790530501545153e+00	
1.0333333319948716e+01	9.2027907884363469e-01	2.6790565562282218e+00	
1.0333333319985137e+01	9.2027907879629445e-01	2.6790587338293248e+00	
1.0333333320570269e+01	9.2027907867102321e-01	2.6790585806519589e+00	
1.0333333321655763e+01	9.2027907847387502e-01	2.6790546542746578e+00	
1.0333333323114859e+01	9.2027907822136257e-01	2.6790449122572504e+00	
1.0333333324760540e+01	9.2027907793802799e-01	2.6790265002070575e+00	
1.0333333326380295e+01	9.2027907765178252e-01	2.6789954722323333e+00	
1.0333333327778815e+01	9.2027907738818759e-01	2.6789464238817744e+00	
1.0333333328816037e+01	9.2027907716536006e-01	2.6788720122589358e+00	
1.0333333329428825e+01	9.2027907699106237e-01	2.6787623312644824e+00	
1.0333333329630488e+01	9.2027907686276433e-01	2.6786041015912265e+00	
1.0333333329490419e+01	9.2027907677036336e-01	2.6783796248880067e+00	
1.0333333329103313e+01	9.2027907670029985e-01	2.6780654391270668e+00	
1.0333333328559744e+01	9.2027907663949204e-01	2.6776305973991983e+00	
1.0333333327927038e+01	9.2027907657788799e-01	2.6770344749690560e+00	
1.0333333327243365e+01	9.2027907650924989e-01	2.6762239895174633e+00	
1.0333333326522089e+01	9.2027907643056095e-01	2.6751300975570413e+00	
1.0333333325760766e+01	9.2027907634081341e-01	2.6736634072264374e+00	
1.0333333324949592e+01	9.2027907623986216e-01	2.6717087264263566e+00	
1.0333333324076877e+01	9.2027907612767923e-01	2.6691183498295228e+00	
1.0333333323141495e+01	9.2027907600537395e-01	2.6657038858850961e+00	
