1.0333333332609810e+01	9.2027907748235738e-01	2.6790123455705857e+00	
1.0333333332561136e+01	9.2027907748763849e-01	2.6790123455797694e+00	
1.0333333332353886e+01	9.2027907751423410e-01	2.6790123455745651e+00	
1.0333333332109673e+01	9.2027907754585947e-01	2.6790123455644186e+00	
1.0333333331825616e+01	9.2027907758289740e-01	2.6790123455495145e+00	
1.0333333331499814e+01	9.2027907762559769e-01	2.6790123455300621e+00	
1.0333333331131756e+01	9.2027907767402484e-01	2.6790123455063246e+00	
1.0333333330722708e+01	9.2027907772800666e-01	2.6790123454786468e+00	
1.0333333330276087e+01	9.2027907778708029e-01	2.6790123454474850e+00	
1.0333333329797783e+01	9.2027907785045460e-01	2.6790123454134420e+00	
1.0333333329296330e+01	9.2027907791698305e-01	2.6790123453772767e+00	
1.0333333328782956e+01	9.2027907798515918e-01	2.6790123453399199e+00	
1.0333333328271417e+01	9.2027907805313758e-01	2.6790123453024646e+00	
1.0333333327777606e+01	9.2027907811878806e-01	2.6790123452661425e+00	
1.0333333327318902e+01	9.2027907817977950e-01	2.6790123452322789e+00	
1.0333333326913344e+01	9.2027907823369559e-01	2.6790123452022354e+00	
1.0333333326578561e+01	9.2027907827817279e-01	2.6790123451773340e+00	
1.0333333326330623e+01	9.2027907831105604e-01	2.6790123451587693e+00	
1.0333333326182879e+01	9.2027907833055722e-01	2.6790123451475338e+00	
1.0333333326144848e+01	9.2027907833539868e-01	2.6790123451443262e+00	
1.0333333326221338e+01	9.2027907832493427e-01	2.6790123451494918e+00	
1.0333333326411863e+01	9.2027907829922717e-01	2.6790123451629801e+00	
1.0333333326710456e+01	9.2027907825907473e-01	2.6790123451843320e+00	
1.0333333327105890e+01	9.2027907820597699e-01	2.6790123452126937e+00	
1.0333333327582354e+01	9.2027907814204890e-01	2.6790123452468695e+00	
1.0333333328120508e+01	9.2027907806987874e-01	2.6790123452854009e+00	
1.0333333328698798e+01	9.2027907799235009e-01	2.6790123453266679e+00	
1.0333333329294950e+01	9.2027907791244301e-01	2.6790123453689958e+00	
1.0333333329887468e+01	9.2027907783303387e-01	2.6790123454107753e+00	
1.0333333330457002e+01	9.2027907775671292e-01	2.6790123454505683e+00	
1.0333333330987408e+01	9.2027907768563877e-01	2.6790123454871919e+00	
1.0333333331466521e+01	9.2027907762143979e-01	2.6790123455197867e+00	
1.0333333331886474e+01	9.2027907756516880e-01	2.6790123455478598e+00	
1.0333333332243631e+01	9.2027907751731097e-01	2.6790123455712953e+00	
1.0333333332538203e+01	9.2027907747783810e-01	2.6790123455903565e+00	
1.0333333332773552e+01	9.2027907744629833e-01	2.6790123456056754e+00	
1.0333333332955412e+01	9.2027907742192450e-01	2.6790123456182484e+00	
1.0333333333090978e+01	9.2027907740375259e-01	2.6790123456294372e+00	
1.0333333333188113e+01	9.2027907739072889e-01	2.6790123456410107e+00	
1.0333333333254640e+01	9.2027907738180714e-01	2.6790123456552166e+00	
1.0333333333297803e+01	9.2027907737601589e-01	2.6790123456749106e+00	
1.0333333333323923e+01	9.2027907737250914e-01	2.6790123457037542e+00	
1.0333333333338228e+01	9.2027907737058745e-01	2.6790123457464938e+00	
1.0333333333344800e+01	9.2027907736970260e-01	2.6790123458093320e+00	
1.0333333333346680e+01	9.2027907736944858e-01	2.6790123459004369e+00	
1.0333333333345994e+01	9.2027907736954018e-01	2.6790123460305879e+00	
1.0333333333344141e+01	9.2027907736978998e-01	2.6790123462140194e+00	
1.0333333333341971e+01	9.2027907737008396e-01	2.6790123464694977e+00	
1.0333333333339937e+01	9.2027907737036130e-01	2.6790123468217004e+00	
1.0333333333338249e+01	9.2027907737059478e-01	2.6790123473029759e+00	
1.0333333333336951e+01	9.2027907737077708e-01	2.6790123479555703e+00	
1.0333333333336018e+01	9.2027907737091197e-01	2.6790123488344664e+00	
1.0333333333335387e+01	9.2027907737100823e-01	2.6790123500109613e+00	
1.0333333333334984e+01	9.2027907737107550e-01	2.6790123515771760e+00	
1.0333333333334746e+01	9.2027907737112191e-01	2.6790123536517347e+00	
1.0333333333334625e+01	9.2027907737115444e-01	2.6790123563868624e+00	
1.0333333333334583e+01	9.2027907737117809e-01	2.6790123599772442e+00	
1.0333333333334592e+01	9.2027907737119674e-01	2.6790123646710438e+00	
1.0333333333334631e+01	9.2027907737121240e-01	2.6790123707835320e+00	
1.0333333333334695e+01	9.2027907737122661e-01	2.6790123787138977e+00	
1.0333333333334776e+01	9.2027907737124037e-01	2.6790123889658597e+00	
1.0333333333334867e+01	9.2027907737125447e-01	2.6790124021728383e+00	
1.0333333333334972e+01	9.2027907737126946e-01	2.6790124191285205e+00	
1.0333333333335085e+01	9.2027907737128489e-01	2.6790124408237421e+00	
1.0333333333335206e+01	9.2027907737130121e-01	2.6790124684907206e+00	
1.0333333333335334e+01	9.2027907737131887e-01	2.6790125036556840e+00	
1.0333333333335474e+01	9.2027907737133752e-01	2.6790125482009608e+00	
1.0333333333335624e+01	9.2027907737135761e-01	2.6790126044374927e+00	
1.0333333333335780e+01	9.2027907737137904e-01	2.6790126751885142e+00	
1.0333333333335954e+01	9.2027907737140158e-01	2.6790127638847112e+00	
1.0333333333336130e+01	9.2027907737142589e-01	2.6790128746704269e+00	
1.0333333333336324e+01	9.2027907737145165e-01	2.6790130125194245e+00	
1.0333333333336530e+01	9.2027907737147896e-01	2.6790131833568798e+00	
1.0333333333336748e+01	9.2027907737150816e-01	2.6790133941818639e+00	
1.0333333333336979e+01	9.2027907737153947e-01	2.6790136531808346e+00	
1.0333333333337228e+01	9.2027907737157222e-01	2.6790139698175146e+00	
1.0333333333337489e+01	9.2027907737160752e-01	2.6790143548772631e+00	
1.0333333333337769e+01	9.2027907737164460e-01	2.6790148204340292e+00	
1.0333333333338064e+01	9.2027907737168457e-01	2.6790153796941683e+00	
1.0333333333338377e+01	9.2027907737172632e-01	2.6790160466527411e+00	
1.0333333333338711e+01	9.2027907737177106e-01	2.6790168354725599e+00	
