1.0333333332730108e+01	9.2027907746646587e-01	2.6790123455704871e+00	
1.0333333332745978e+01	9.2027907746500492e-01	2.6790123455628594e+00	
1.0333333332831373e+01	9.2027907745424897e-01	2.6790123455606643e+00	
1.0333333332910183e+01	9.2027907744438597e-01	2.6790123455591202e+00	
1.0333333332981674e+01	9.2027907743551174e-01	2.6790123455594705e+00	
1.0333333333045653e+01	9.2027907742764847e-01	2.6790123455636139e+00	
1.0333333333102301e+01	9.2027907742076975e-01	2.6790123455743262e+00	
1.0333333333152021e+01	9.2027907741481774e-01	2.6790123455955577e+00	
1.0333333333195343e+01	9.2027907740971726e-01	2.6790123456328363e+00	
1.0333333333232863e+01	9.2027907740538362e-01	2.6790123456938066e+00	
1.0333333333265184e+01	9.2027907740173021e-01	2.6790123457889390e+00	
1.0333333333292895e+01	9.2027907739867176e-01	2.6790123459324602e+00	
1.0333333333316553e+01	9.2027907739612713e-01	2.6790123461435722e+00	
1.0333333333336656e+01	9.2027907739402059e-01	2.6790123464480264e+00	
1.0333333333353655e+01	9.2027907739228343e-01	2.6790123468801776e+00	
1.0333333333367941e+01	9.2027907739085235e-01	2.6790123474856173e+00	
1.0333333333379848e+01	9.2027907738967119e-01	2.6790123483245694e+00	
1.0333333333389662e+01	9.2027907738868830e-01	2.6790123494762348e+00	
1.0333333333397610e+01	9.2027907738785886e-01	2.6790123510443391e+00	
1.0333333333403877e+01	9.2027907738714121e-01	2.6790123531641936e+00	
1.0333333333408614e+01	9.2027907738649817e-01	2.6790123560116492e+00	
1.0333333333411915e+01	9.2027907738589576e-01	2.6790123598144029e+00	
1.0333333333413846e+01	9.2027907738530290e-01	2.6790123648662587e+00	
1.0333333333414441e+01	9.2027907738468961e-01	2.6790123715450069e+00	
1.0333333333413707e+01	9.2027907738402792e-01	2.6790123803347998e+00	
1.0333333333411611e+01	9.2027907738329073e-01	2.6790123918540112e+00	
1.0333333333408103e+01	9.2027907738245152e-01	2.6790124068898273e+00	
1.0333333333403100e+01	9.2027907738148329e-01	2.6790124264409814e+00	
1.0333333333396492e+01	9.2027907738035930e-01	2.6790124517703391e+00	
1.0333333333388147e+01	9.2027907737905168e-01	2.6790124844692937e+00	
1.0333333333377897e+01	9.2027907737753167e-01	2.6790125265362108e+00	
1.0333333333365552e+01	9.2027907737577008e-01	2.6790125804714657e+00	
1.0333333333350884e+01	9.2027907737373638e-01	2.6790126493918547e+00	
1.0333333333333623e+01	9.2027907737139847e-01	2.6790127371673838e+00	
1.0333333333313460e+01	9.2027907736872494e-01	2.6790128485835139e+00	
1.0333333333290019e+01	9.2027907736568437e-01	2.6790129895318402e+00	
1.0333333333262866e+01	9.2027907736224701e-01	2.6790131672317972e+00	
1.0333333333231458e+01	9.2027907735838710e-01	2.6790133904850966e+00	
1.0333333333195156e+01	9.2027907735408399e-01	2.6790136699631191e+00	
1.0333333333153147e+01	9.2027907734932946e-01	2.6790140185249305e+00	
1.0333333333104415e+01	9.2027907734413172e-01	2.6790144515597727e+00	
1.0333333333047660e+01	9.2027907733852465e-01	2.6790149873420410e+00	
1.0333333332981205e+01	9.2027907733258019e-01	2.6790156473783107e+00	
1.0333333332902853e+01	9.2027907732642489e-01	2.6790164567138537e+00	
1.0333333332809723e+01	9.2027907732026293e-01	2.6790174441489825e+00	
1.0333333332697983e+01	9.2027907731440672e-01	2.6790186422917297e+00	
1.0333333332562573e+01	9.2027907730931835e-01	2.6790200873405476e+00	
1.0333333332396778e+01	9.2027907730565850e-01	2.6790218184457988e+00	
1.0333333332191760e+01	9.2027907730435243e-01	2.6790238764379808e+00	
1.0333333331935986e+01	9.2027907730666281e-01	2.6790263016286011e+00	
1.0333333331614629e+01	9.2027907731426861e-01	2.6790291302798819e+00	
1.0333333331209014e+01	9.2027907732933578e-01	2.6790323891933165e+00	
1.0333333330696352e+01	9.2027907735455294e-01	2.6790360876735018e+00	
1.0333333330049982e+01	9.2027907739309378e-01	2.6790402058683531e+00	
1.0333333329240681e+01	9.2027907744844251e-01	2.6790446781517034e+00	
1.0333333328239497e+01	9.2027907752400739e-01	2.6790493697760280e+00	
1.0333333327022801e+01	9.2027907762244621e-01	2.6790540444524500e+00	
1.0333333325579813e+01	9.2027907774464990e-01	2.6790583197748195e+00	
1.0333333323922457e+01	9.2027907788842656e-01	2.6790616064478305e+00	
1.0333333322096143e+01	9.2027907804704778e-01	2.6790630260469461e+00	
1.0333333320188757e+01	9.2027907820804422e-01	2.6790613004571147e+00	
1.0333333318333674e+01	9.2027907835279654e-01	2.6790546041168444e+00	
1.0333333316701973e+01	9.2027907845757506e-01	2.6790403676220613e+00	
1.0333333315480267e+01	9.2027907849650004e-01	2.6790150179832928e+00	
1.0333333314834235e+01	9.2027907844641910e-01	2.6789736367141166e+00	
1.0333333314863973e+01	9.2027907829288025e-01	2.6789095117602515e+00	
1.0333333315563527e+01	9.2027907803554221e-01	2.6788135528243040e+00	
1.0333333316800603e+01	9.2027907769088313e-01	2.6786735316345212e+00	
1.0333333318329556e+01	9.2027907729045244e-01	2.6784730988526095e+00	
1.0333333319840511e+01	9.2027907687428623e-01	2.6781905173101590e+00	
1.0333333321032486e+01	9.2027907648110474e-01	2.6777970368201598e+00	
1.0333333321685835e+01	9.2027907613860227e-01	2.6772548187245286e+00	
1.0333333321706853e+01	9.2027907585746516e-01	2.6765142985873651e+00	
1.0333333321128308e+01	9.2027907563128730e-01	2.6755108533567440e+00	
1.0333333320069501e+01	9.2027907544190679e-01	2.6741606158524776e+00	
1.0333333318677180e+01	9.2027907526730057e-01	2.6723552566086548e+00	
1.0333333317074189e+01	9.2027907508843643e-01	2.6699555346357555e+00	
1.0333333315333588e+01	9.2027907489270899e-01	2.6667834109694035e+00	
1.0333333313479562e+01	9.2027907467378389e-01	2.6626125323711607e+00	
1.0333333311503603e+01	9.2027907442937418e-01	2.6571569434981663e+00	
1.0333333309434110e+01	9.2027907416569743e-01	2.6500579986307744e+00	
