1.0333334094603764e+01	9.2027896096934647e-01	2.6790124551586230e+00	
1.0333334175725792e+01	9.2027895183414654e-01	2.6790124450949917e+00	
1.0333334503566689e+01	9.2027890948555691e-01	2.6790124579072780e+00	
1.0333334930957049e+01	9.2027885364217010e-01	2.6790124814746239e+00	
1.0333335482368811e+01	9.2027878104378757e-01	2.6790125166782821e+00	
1.0333336185643621e+01	9.2027868797796031e-01	2.6790125648818570e+00	
1.0333337071495691e+01	9.2027857034657445e-01	2.6790126278450739e+00	
1.0333338172574017e+01	9.2027842379143787e-01	2.6790127076121237e+00	
1.0333339521997550e+01	9.2027824389042645e-01	2.6790128063684735e+00	
1.0333341151303578e+01	9.2027802643218004e-01	2.6790129262612257e+00	
1.0333343087796177e+01	9.2027776777112469e-01	2.6790130691812446e+00	
1.0333345351348596e+01	9.2027746525558629e-01	2.6790132365100150e+00	
1.0333347950799860e+01	9.2027711771023524e-01	2.6790134288406380e+00	
1.0333350880184748e+01	9.2027672594082754e-01	2.6790136456897558e+00	
1.0333354115137523e+01	9.2027629321569282e-01	2.6790138852248626e+00	
1.0333357609897186e+01	9.2027582566668420e-01	2.6790141440380166e+00	
1.0333361295397689e+01	9.2027533254488980e-01	2.6790144170012913e+00	
1.0333365078930257e+01	9.2027482626587942e-01	2.6790146972396442e+00	
1.0333368845800580e+01	9.2027432218789706e-01	2.6790149762522422e+00	
1.0333372463261227e+01	9.2027383808547325e-01	2.6790152442027919e+00	
1.0333375786781071e+01	9.2027339331017666e-01	2.6790154903833061e+00	
1.0333378668434737e+01	9.2027300766756692e-01	2.6790157038351294e+00	
1.0333380966886944e+01	9.2027270008063911e-01	2.6790158740882384e+00	
1.0333382558153190e+01	9.2027248714933918e-01	2.6790159919581509e+00	
1.0333383346090065e+01	9.2027238174627768e-01	2.6790160503228710e+00	
1.0333383271454773e+01	9.2027239180397691e-01	2.6790160447938813e+00	
1.0333382318411598e+01	9.2027251944388555e-01	2.6790159741980548e+00	
1.0333380517568500e+01	9.2027276056989971e-01	2.6790158408025588e+00	
1.0333377944987316e+01	9.2027310500088322e-01	2.6790156502415199e+00	
1.0333374717083514e+01	9.2027353715344296e-01	2.6790154111382245e+00	
1.0333370981848590e+01	9.2027403721698453e-01	2.6790151344549247e+00	
1.0333366907308037e+01	9.2027458269884321e-01	2.6790148326378844e+00	
1.0333362668489704e+01	9.2027515016881944e-01	2.6790145186520697e+00	
1.0333358434358230e+01	9.2027571700827582e-01	2.6790142050133414e+00	
1.0333354356138317e+01	9.2027626297330134e-01	2.6790139029235083e+00	
1.0333350558210403e+01	9.2027677141352360e-01	2.6790136215959315e+00	
1.0333347132360204e+01	9.2027723004193773e-01	2.6790133678295613e+00	
1.0333344135672501e+01	9.2027763121688255e-01	2.6790131458529163e+00	
1.0333341591865500e+01	9.2027797176342763e-01	2.6790129574229202e+00	
1.0333339495446783e+01	9.2027825241702688e-01	2.6790128021327466e+00	
1.0333337817796172e+01	9.2027847700921961e-01	2.6790126778623984e+00	
1.0333336514173562e+01	9.2027865152949595e-01	2.6790125812978061e+00	
1.0333335530705945e+01	9.2027878318994905e-01	2.6790125084483858e+00	
1.0333334810592859e+01	9.2027887959455568e-01	2.6790124551067009e+00	
1.0333334299030209e+01	9.2027894808002730e-01	2.6790124172131931e+00	
1.0333333946631665e+01	9.2027899525778467e-01	2.6790123911096173e+00	
1.0333333711374342e+01	9.2027902675349571e-01	2.6790123736831695e+00	
1.0333333559277419e+01	9.2027904711622766e-01	2.6790123624167510e+00	
1.0333333464125465e+01	9.2027905985548641e-01	2.6790123553684784e+00	
1.0333333406575866e+01	9.2027906756070832e-01	2.6790123511055670e+00	
1.0333333372959254e+01	9.2027907206184489e-01	2.6790123486154700e+00	
1.0333333354015766e+01	9.2027907459854252e-01	2.6790123472122711e+00	
1.0333333343730670e+01	9.2027907597601777e-01	2.6790123464504361e+00	
1.0333333338358154e+01	9.2027907669574305e-01	2.6790123460524966e+00	
1.0333333335662505e+01	9.2027907705702972e-01	2.6790123458528448e+00	
1.0333333334365770e+01	9.2027907723097180e-01	2.6790123457568158e+00	
1.0333333333769042e+01	9.2027907731114467e-01	2.6790123457126405e+00	
1.0333333333507072e+01	9.2027907734645342e-01	2.6790123456932631e+00	
1.0333333333397759e+01	9.2027907736128511e-01	2.6790123456851940e+00	
1.0333333333354638e+01	9.2027907736722125e-01	2.6790123456820294e+00	
1.0333333333338716e+01	9.2027907736948811e-01	2.6790123456808805e+00	
1.0333333333333329e+01	9.2027907737032133e-01	2.6790123456805137e+00	
1.0333333333331753e+01	9.2027907737062431e-01	2.6790123456804302e+00	
1.0333333333331447e+01	9.2027907737074088e-01	2.6790123456804409e+00	
1.0333333333331517e+01	9.2027907737079406e-01	2.6790123456804813e+00	
1.0333333333331669e+01	9.2027907737082526e-01	2.6790123456805293e+00	
1.0333333333331819e+01	9.2027907737084758e-01	2.6790123456805781e+00	
1.0333333333331945e+01	9.2027907737086523e-01	2.6790123456806252e+00	
1.0333333333332051e+01	9.2027907737087933e-01	2.6790123456806718e+00	
1.0333333333332137e+01	9.2027907737089087e-01	2.6790123456807167e+00	
1.0333333333332208e+01	9.2027907737090020e-01	2.6790123456807597e+00	
1.0333333333332263e+01	9.2027907737090797e-01	2.6790123456807975e+00	
1.0333333333332309e+01	9.2027907737091386e-01	2.6790123456808295e+00	
1.0333333333332346e+01	9.2027907737091874e-01	2.6790123456808508e+00	
1.0333333333332375e+01	9.2027907737092252e-01	2.6790123456808543e+00	
1.0333333333332396e+01	9.2027907737092551e-01	2.6790123456808286e+00	
1.0333333333332414e+01	9.2027907737092784e-01	2.6790123456807562e+00	
1.0333333333332426e+01	9.2027907737092962e-01	2.6790123456806070e+00	
1.0333333333332435e+01	9.2027907737093073e-01	2.6790123456803330e+00	
1.0333333333332442e+01	9.2027907737093151e-01	2.6790123456798614e+00	
1.0333333333332444e+01	9.2027907737093229e-01	2.6790123456790709e+00	
