1.0333333333333641e+01	9.2027907737100367e-01	2.6790123456790540e+00	
1.0333333333333711e+01	9.2027907737099623e-01	2.6790123456790518e+00	
1.0333333333333945e+01	9.2027907737096515e-01	2.6790123456790642e+00	
1.0333333333334322e+01	9.2027907737091574e-01	2.6790123456790895e+00	
1.0333333333334915e+01	9.2027907737083658e-01	2.6790123456791308e+00	
1.0333333333335860e+01	9.2027907737071057e-01	2.6790123456792001e+00	
1.0333333333337361e+01	9.2027907737051007e-01	2.6790123456793107e+00	
1.0333333333339748e+01	9.2027907737019066e-01	2.6790123456794874e+00	
1.0333333333343552e+01	9.2027907736968184e-01	2.6790123456797690e+00	
1.0333333333349604e+01	9.2027907736887182e-01	2.6790123456802171e+00	
1.0333333333359239e+01	9.2027907736758230e-01	2.6790123456809307e+00	
1.0333333333374574e+01	9.2027907736552961e-01	2.6790123456820667e+00	
1.0333333333398983e+01	9.2027907736226200e-01	2.6790123456838750e+00	
1.0333333333437830e+01	9.2027907735706138e-01	2.6790123456867523e+00	
1.0333333333499644e+01	9.2027907734878678e-01	2.6790123456913313e+00	
1.0333333333597972e+01	9.2027907733562353e-01	2.6790123456986152e+00	
1.0333333333754343e+01	9.2027907731469027e-01	2.6790123457101984e+00	
1.0333333334002903e+01	9.2027907728141523e-01	2.6790123457286090e+00	
1.0333333334397775e+01	9.2027907722855384e-01	2.6790123457578594e+00	
1.0333333335024514e+01	9.2027907714465262e-01	2.6790123458042849e+00	
1.0333333336018047e+01	9.2027907701164791e-01	2.6790123458778794e+00	
1.0333333337590432e+01	9.2027907680115273e-01	2.6790123459943520e+00	
1.0333333340073546e+01	9.2027907646873874e-01	2.6790123461782867e+00	
1.0333333343984181e+01	9.2027907594522251e-01	2.6790123464679638e+00	
1.0333333350122285e+01	9.2027907512351548e-01	2.6790123469226392e+00	
1.0333333359717283e+01	9.2027907383903473e-01	2.6790123476333796e+00	
1.0333333374642836e+01	9.2027907184095259e-01	2.6790123487389748e+00	
1.0333333397726467e+01	9.2027906875075038e-01	2.6790123504488736e+00	
1.0333333433186892e+01	9.2027906400366821e-01	2.6790123530755734e+00	
1.0333333487237621e+01	9.2027905676790389e-01	2.6790123570793316e+00	
1.0333333568898453e+01	9.2027904583597886e-01	2.6790123631282814e+00	
1.0333333691054616e+01	9.2027902948294782e-01	2.6790123721768841e+00	
1.0333333871792826e+01	9.2027900528754536e-01	2.6790123855648997e+00	
1.0333334136019106e+01	9.2027896991560376e-01	2.6790124051372186e+00	
1.0333334517318201e+01	9.2027891887113888e-01	2.6790124333815957e+00	
1.0333335059939371e+01	9.2027884623050882e-01	2.6790124735757503e+00	
1.0333335820678478e+01	9.2027874439046231e-01	2.6790125299267866e+00	
1.0333336870263256e+01	9.2027860388269300e-01	2.6790126076737977e+00	
1.0333338293639160e+01	9.2027841333557814e-01	2.6790127131090324e+00	
1.0333340188318390e+01	9.2027815969519644e-01	2.6790128534555975e+00	
1.0333342659751022e+01	9.2027782884499920e-01	2.6790130365245939e+00	
1.0333345812604724e+01	9.2027740677320169e-01	2.6790132700691687e+00	
1.0333349737041210e+01	9.2027688140995512e-01	2.6790135607679404e+00	
1.0333354489710917e+01	9.2027624517158846e-01	2.6790139128171786e+00	
1.0333360070363812e+01	9.2027549809170561e-01	2.6790143261982857e+00	
1.0333366396670387e+01	9.2027465119187468e-01	2.6790147948127276e+00	
1.0333373281811021e+01	9.2027372948169095e-01	2.6790153048219976e+00	
1.0333380421095331e+01	9.2027277374998817e-01	2.6790158336564467e+00	
1.0333387394561225e+01	9.2027184021684649e-01	2.6790163502078128e+00	
1.0333393691391095e+01	9.2027099726496897e-01	2.6790168166378852e+00	
1.0333398758579259e+01	9.2027031892460254e-01	2.6790171919835486e+00	
1.0333402070758133e+01	9.2026987552601380e-01	2.6790174373290268e+00	
1.0333403211507658e+01	9.2026972281476427e-01	2.6790175218286469e+00	
1.0333401950728568e+01	9.2026989159393169e-01	2.6790174284380930e+00	
1.0333398299997375e+01	9.2027038031385866e-01	2.6790171580148159e+00	
1.0333392530000603e+01	9.2027115273823790e-01	2.6790167306095309e+00	
1.0333385141561642e+01	9.2027214182262085e-01	2.6790161833200097e+00	
1.0333376792922238e+01	9.2027325944904104e-01	2.6790155649044611e+00	
1.0333368197617231e+01	9.2027441009732414e-01	2.6790149282168385e+00	
1.0333360015590404e+01	9.2027550542129133e-01	2.6790143221416400e+00	
1.0333352762066887e+01	9.2027647644800581e-01	2.6790137848437983e+00	
1.0333346753231931e+01	9.2027728084981597e-01	2.6790133397445235e+00	
1.0333342096792631e+01	9.2027790420793809e-01	2.6790129948217749e+00	
1.0333338722905737e+01	9.2027835587218898e-01	2.6790127449012817e+00	
1.0333336441095103e+01	9.2027866134142400e-01	2.6790125758729770e+00	
1.0333335004667001e+01	9.2027885364019046e-01	2.6790124694623372e+00	
1.0333334166293540e+01	9.2027896587768432e-01	2.6790124073468813e+00	
1.0333333714985896e+01	9.2027902629806846e-01	2.6790123738944907e+00	
1.0333333492445208e+01	9.2027905609154736e-01	2.6790123573750759e+00	
1.0333333392838027e+01	9.2027906942447379e-01	2.6790123499440228e+00	
1.0333333352867204e+01	9.2027907476870197e-01	2.6790123469040936e+00	
1.0333333338729815e+01	9.2027907664780484e-01	2.6790123457335224e+00	
1.0333333334416357e+01	9.2027907720387758e-01	2.6790123452119774e+00	
1.0333333333288282e+01	9.2027907732559966e-01	2.6790123447890974e+00	
1.0333333332991772e+01	9.2027907732976622e-01	2.6790123441990987e+00	
1.0333333332850717e+01	9.2027907731093883e-01	2.6790123432576314e+00	
1.0333333332738606e+01	9.2027907729297620e-01	2.6790123417683698e+00	
1.0333333332674938e+01	9.2027907728325642e-01	2.6790123394784251e+00	
1.0333333332710298e+01	9.2027907728769831e-01	2.6790123360232254e+00	
1.0333333332900301e+01	9.2027907731308600e-01	2.6790123307909344e+00	
1.0333333333296398e+01	9.2027907736610670e-01	2.6790123226353546e+00	
