1.0333333333333323e+01	9.2027907737105252e-01	2.6790123456790105e+00	
1.0333333333333336e+01	9.2027907737105064e-01	2.6790123456790127e+00	
1.0333333333333348e+01	9.2027907737104908e-01	2.6790123456790145e+00	
1.0333333333333361e+01	9.2027907737104708e-01	2.6790123456790136e+00	
1.0333333333333377e+01	9.2027907737104486e-01	2.6790123456790127e+00	
1.0333333333333401e+01	9.2027907737104164e-01	2.6790123456790167e+00	
1.0333333333333435e+01	9.2027907737103642e-01	2.6790123456790225e+00	
1.0333333333333499e+01	9.2027907737102732e-01	2.6790123456790265e+00	
1.0333333333333604e+01	9.2027907737101311e-01	2.6790123456790296e+00	
1.0333333333333767e+01	9.2027907737099113e-01	2.6790123456790393e+00	
1.0333333333334027e+01	9.2027907737095638e-01	2.6790123456790633e+00	
1.0333333333334444e+01	9.2027907737090087e-01	2.6790123456791011e+00	
1.0333333333335109e+01	9.2027907737081305e-01	2.6790123456791473e+00	
1.0333333333336171e+01	9.2027907737067294e-01	2.6790123456792152e+00	
1.0333333333337855e+01	9.2027907737044978e-01	2.6790123456793382e+00	
1.0333333333340528e+01	9.2027907737009496e-01	2.6790123456795492e+00	
1.0333333333344784e+01	9.2027907736952896e-01	2.6790123456798751e+00	
1.0333333333351543e+01	9.2027907736862702e-01	2.6790123456803632e+00	
1.0333333333362299e+01	9.2027907736718906e-01	2.6790123456811394e+00	
1.0333333333379422e+01	9.2027907736489734e-01	2.6790123456824131e+00	
1.0333333333406678e+01	9.2027907736124448e-01	2.6790123456844626e+00	
1.0333333333450074e+01	9.2027907735542691e-01	2.6790123456876880e+00	
1.0333333333519141e+01	9.2027907734616687e-01	2.6790123456927688e+00	
1.0333333333629030e+01	9.2027907733143577e-01	2.6790123457008739e+00	
1.0333333333803854e+01	9.2027907730800673e-01	2.6790123457138524e+00	
1.0333333334081994e+01	9.2027907727074332e-01	2.6790123457345181e+00	
1.0333333334524614e+01	9.2027907721146318e-01	2.6790123457673025e+00	
1.0333333335229081e+01	9.2027907711713719e-01	2.6790123458193986e+00	
1.0333333336350130e+01	9.2027907696706146e-01	2.6790123459023936e+00	
1.0333333338132940e+01	9.2027907672842324e-01	2.6790123460345443e+00	
1.0333333340964691e+01	9.2027907634940198e-01	2.6790123462444173e+00	
1.0333333345454605e+01	9.2027907574845047e-01	2.6790123465769460e+00	
1.0333333352557750e+01	9.2027907479771609e-01	2.6790123471029177e+00	
1.0333333363765339e+01	9.2027907329756575e-01	2.6790123479330816e+00	
1.0333333381393649e+01	9.2027907093790084e-01	2.6790123492391191e+00	
1.0333333409015051e+01	9.2027906724045261e-01	2.6790123512853206e+00	
1.0333333452085652e+01	9.2027906147475869e-01	2.6790123544755136e+00	
1.0333333518832617e+01	9.2027905253937647e-01	2.6790123594193744e+00	
1.0333333621467219e+01	9.2027903879949791e-01	2.6790123670220329e+00	
1.0333333777784155e+01	9.2027901787286015e-01	2.6790123786016045e+00	
1.0333334013191857e+01	9.2027898635796523e-01	2.6790123960393881e+00	
1.0333334363189607e+01	9.2027893950249617e-01	2.6790124219645173e+00	
1.0333334876257698e+01	9.2027887081644177e-01	2.6790124599689613e+00	
1.0333335617035864e+01	9.2027877164663563e-01	2.6790125148419199e+00	
1.0333336669491350e+01	9.2027863075268046e-01	2.6790125928026667e+00	
1.0333338139460764e+01	9.2027843396669529e-01	2.6790127016891954e+00	
1.0333340155432175e+01	9.2027816408861673e-01	2.6790128510188382e+00	
1.0333342865719558e+01	9.2027780126442904e-01	2.6790130517799913e+00	
1.0333346429418583e+01	9.2027732419683494e-01	2.6790133157591272e+00	
1.0333350998095524e+01	9.2027671259643340e-01	2.6790136541812890e+00	
1.0333356685657611e+01	9.2027595121497063e-01	2.6790140754805885e+00	
1.0333363525978235e+01	9.2027503551778822e-01	2.6790145821668800e+00	
1.0333371422028321e+01	9.2027397849327608e-01	2.6790151670577238e+00	
1.0333380096148021e+01	9.2027281730964983e-01	2.6790158095873458e+00	
1.0333389057121643e+01	9.2027161772232347e-01	2.6790164733635264e+00	
1.0333397603113067e+01	9.2027047368082515e-01	2.6790171063928288e+00	
1.0333404877015168e+01	9.2026949991940665e-01	2.6790176451907413e+00	
1.0333409980162726e+01	9.2026881673508543e-01	2.6790180232001566e+00	
1.0333412132370405e+01	9.2026852856480423e-01	2.6790181826294641e+00	
1.0333410845689851e+01	9.2026870072662403e-01	2.6790180873200309e+00	
1.0333406064357229e+01	9.2026934068734478e-01	2.6790177331325764e+00	
1.0333398222763671e+01	9.2027039030435998e-01	2.6790171522565451e+00	
1.0333388191455931e+01	9.2027173305643750e-01	2.6790164091914530e+00	
1.0333377114777807e+01	9.2027321577967713e-01	2.6790155886890084e+00	
1.0333366181059208e+01	9.2027467943199237e-01	2.6790147787380554e+00	
1.0333356391459082e+01	9.2027599003583083e-01	2.6790140534892477e+00	
1.0333348394468423e+01	9.2027706082816885e-01	2.6790134610113903e+00	
1.0333342428048946e+01	9.2027785999763867e-01	2.6790130189452728e+00	
1.0333338371221474e+01	9.2027840376547798e-01	2.6790127182581447e+00	
1.0333335869727767e+01	9.2027873954645334e-01	2.6790125325741387e+00	
1.0333334482015701e+01	9.2027892638679043e-01	2.6790124290624595e+00	
1.0333333797570413e+01	9.2027901910475407e-01	2.6790123771871905e+00	
1.0333333502520597e+01	9.2027905949453936e-01	2.6790123534435386e+00	
1.0333333393561524e+01	9.2027907445995061e-01	2.6790123423486509e+00	
1.0333333358344339e+01	9.2027907865518210e-01	2.6790123351470077e+00	
1.0333333344130786e+01	9.2027907872167491e-01	2.6790123275769893e+00	
1.0333333330179894e+01	9.2027907705658218e-01	2.6790123173761540e+00	
1.0333333309994961e+01	9.2027907429523659e-01	2.6790123018500287e+00	
1.0333333282693312e+01	9.2027907060342207e-01	2.6790122758229389e+00	
1.0333333250072908e+01	9.2027906622661193e-01	2.6790122301622654e+00	
1.0333333216230951e+01	9.2027906169467744e-01	2.6790121509180382e+00	
