1.0333342772433422e+01	9.2027762196619523e-01	2.6790137818250153e+00	
1.0333343281566057e+01	9.2027756790964454e-01	2.6790136662849480e+00	
1.0333345518156182e+01	9.2027728186576307e-01	2.6790137047308629e+00	
1.0333348024713136e+01	9.2027695895608019e-01	2.6790137865105215e+00	
1.0333350787200660e+01	9.2027660107044484e-01	2.6790139076275867e+00	
1.0333353776986460e+01	9.2027621205563981e-01	2.6790140629643697e+00	
1.0333356949312964e+01	9.2027579791977199e-01	2.6790142463351914e+00	
1.0333360242639452e+01	9.2027536692001422e-01	2.6790144505488724e+00	
1.0333363579114685e+01	9.2027492949901202e-01	2.6790146675074995e+00	
1.0333366866378574e+01	9.2027449804338002e-01	2.6790148883658502e+00	
1.0333370000792019e+01	9.2027408645101916e-01	2.6790151037686751e+00	
1.0333372872060702e+01	9.2027370951184817e-01	2.6790153041723492e+00	
1.0333375369062159e+01	9.2027338212745691e-01	2.6790154802443835e+00	
1.0333377386523583e+01	9.2027311841690862e-01	2.6790156233206979e+00	
1.0333378832051062e+01	9.2027293077550154e-01	2.6790157258879939e+00	
1.0333379632903792e+01	9.2027282896769669e-01	2.6790157820492384e+00	
1.0333379741859380e+01	9.2027281934174210e-01	2.6790157879255445e+00	
1.0333379141544457e+01	9.2027290424975772e-01	2.6790157419488869e+00	
1.0333377846713958e+01	9.2027308174245248e-01	2.6790156450075839e+00	
1.0333375904145933e+01	9.2027334558306217e-01	2.6790155004196046e+00	
1.0333373390058199e+01	9.2027368559305645e-01	2.6790153137263002e+00	
1.0333370405218835e+01	9.2027408830657809e-01	2.6790150923186915e+00	
1.0333367068179125e+01	9.2027453787625713e-01	2.6790148449274902e+00	
1.0333363507267828e+01	9.2027501714485660e-01	2.6790145810235964e+00	
1.0333359852119150e+01	9.2027550877935760e-01	2.6790143101857855e+00	
1.0333356225543270e+01	9.2027599635921598e-01	2.6790140414951145e+00	
1.0333352736482416e+01	9.2027646531930019e-01	2.6790137830107073e+00	
1.0333349474639215e+01	9.2027690366898884e-01	2.6790135413701477e+00	
1.0333346507141469e+01	9.2027730243865880e-01	2.6790133215412464e+00	
1.0333343877354269e+01	9.2027765583872290e-01	2.6790131267332273e+00	
1.0333341605703803e+01	9.2027796114936766e-01	2.6790129584572075e+00	
1.0333339692171881e+01	9.2027821838664259e-01	2.6790128167106007e+00	
1.0333338119981153e+01	9.2027842980915231e-01	2.6790127002498534e+00	
1.0333336859930450e+01	9.2027859933772183e-01	2.6790126069114182e+00	
1.0333335874855930e+01	9.2027873195822341e-01	2.6790125339421071e+00	
1.0333335123773402e+01	9.2027883316708647e-01	2.6790124783058578e+00	
1.0333334565378740e+01	9.2027890850274008e-01	2.6790124369429824e+00	
1.0333334160721895e+01	9.2027896318769109e-01	2.6790124069682180e+00	
1.0333333875002852e+01	9.2027900188814138e-01	2.6790123858037362e+00	
1.0333333678547262e+01	9.2027902858343291e-01	2.6790123712514102e+00	
1.0333333547094849e+01	9.2027904652747838e-01	2.6790123615141619e+00	
1.0333333461573284e+01	9.2027905827908274e-01	2.6790123551792169e+00	
1.0333333407536625e+01	9.2027906577716390e-01	2.6790123511764992e+00	
1.0333333374429722e+01	9.2027907043926627e-01	2.6790123487241404e+00	
1.0333333354807273e+01	9.2027907326615210e-01	2.6790123472706342e+00	
1.0333333343597445e+01	9.2027907494041594e-01	2.6790123464402882e+00	
1.0333333337463442e+01	9.2027907591199187e-01	2.6790123459859307e+00	
1.0333333334285566e+01	9.2027907646752416e-01	2.6790123457505475e+00	
1.0333333332764401e+01	9.2027907678352205e-01	2.6790123456378843e+00	
1.0333333332132010e+01	9.2027907696505462e-01	2.6790123455910577e+00	
1.0333333331951550e+01	9.2027907707260237e-01	2.6790123455777075e+00	
1.0333333331984459e+01	9.2027907713986556e-01	2.6790123455801620e+00	
1.0333333332106250e+01	9.2027907718506252e-01	2.6790123455892023e+00	
1.0333333332255364e+01	9.2027907721779501e-01	2.6790123456002664e+00	
1.0333333332403516e+01	9.2027907724304436e-01	2.6790123456112602e+00	
1.0333333332539143e+01	9.2027907726340064e-01	2.6790123456213268e+00	
1.0333333332658659e+01	9.2027907728025404e-01	2.6790123456302015e+00	
1.0333333332762004e+01	9.2027907729440439e-01	2.6790123456378776e+00	
1.0333333332850508e+01	9.2027907730636227e-01	2.6790123456444563e+00	
1.0333333332925903e+01	9.2027907731649239e-01	2.6790123456500643e+00	
1.0333333332989941e+01	9.2027907732507663e-01	2.6790123456548316e+00	
1.0333333333044219e+01	9.2027907733234637e-01	2.6790123456588764e+00	
1.0333333333090161e+01	9.2027907733849756e-01	2.6790123456623052e+00	
1.0333333333128991e+01	9.2027907734369552e-01	2.6790123456652073e+00	
1.0333333333161766e+01	9.2027907734808378e-01	2.6790123456676622e+00	
1.0333333333189405e+01	9.2027907735178349e-01	2.6790123456697374e+00	
1.0333333333212682e+01	9.2027907735489944e-01	2.6790123456714903e+00	
1.0333333333232263e+01	9.2027907735752068e-01	2.6790123456729704e+00	
1.0333333333248719e+01	9.2027907735972370e-01	2.6790123456742205e+00	
1.0333333333262534e+01	9.2027907736157344e-01	2.6790123456752761e+00	
1.0333333333274121e+01	9.2027907736312409e-01	2.6790123456761670e+00	
1.0333333333283830e+01	9.2027907736442383e-01	2.6790123456769210e+00	
1.0333333333291955e+01	9.2027907736551162e-01	2.6790123456775574e+00	
1.0333333333298750e+01	9.2027907736642145e-01	2.6790123456780965e+00	
1.0333333333304431e+01	9.2027907736718173e-01	2.6790123456785540e+00	
1.0333333333309168e+01	9.2027907736781622e-01	2.6790123456789403e+00	
1.0333333333313124e+01	9.2027907736834569e-01	2.6790123456792689e+00	
1.0333333333316423e+01	9.2027907736878711e-01	2.6790123456795474e+00	
1.0333333333319167e+01	9.2027907736915471e-01	2.6790123456797783e+00	
1.0333333333321454e+01	9.2027907736946069e-01	2.6790123456799679e+00	
1.0333333333323354e+01	9.2027907736971515e-01	2.6790123456801136e+00	
