1.0333363572007347e+01	9.2027437751743657e-01	2.6790171983566164e+00	
1.0333364097963603e+01	9.2027432874134885e-01	2.6790169520199867e+00	
1.0333366883716806e+01	9.2027397778275666e-01	2.6790168754761838e+00	
1.0333369417559743e+01	9.2027366079857431e-01	2.6790167902985571e+00	
1.0333371611460086e+01	9.2027338949066795e-01	2.6790166959921944e+00	
1.0333373383482105e+01	9.2027317474669512e-01	2.6790165908561931e+00	
1.0333374662769664e+01	9.2027302597352811e-01	2.6790164724167580e+00	
1.0333375394230687e+01	9.2027295047059743e-01	2.6790163379311935e+00	
1.0333375542510412e+01	9.2027295289841371e-01	2.6790161849007283e+00	
1.0333375094870318e+01	9.2027303489353318e-01	2.6790160115336734e+00	
1.0333374062664223e+01	9.2027319487127579e-01	2.6790158171100473e+00	
1.0333372481217632e+01	9.2027342804215018e-01	2.6790156022129934e+00	
1.0333370408060327e+01	9.2027372664867713e-01	2.6790153688092522e+00	
1.0333367919619315e+01	9.2027408040827441e-01	2.6790151201786467e+00	
1.0333365106630694e+01	9.2027447712759081e-01	2.6790148607089002e+00	
1.0333362068655783e+01	9.2027490343670570e-01	2.6790145955855662e+00	
1.0333358908172171e+01	9.2027534558018909e-01	2.6790143304159213e+00	
1.0333355724743420e+01	9.2027579019759087e-01	2.6790140708297345e+00	
1.0333352609747566e+01	9.2027622502908335e-01	2.6790138220987179e+00	
1.0333349642068455e+01	9.2027663949217475e-01	2.6790135888106992e+00	
1.0333346885036320e+01	9.2027702509115061e-01	2.6790133746252272e+00	
1.0333344384761421e+01	9.2027737563999490e-01	2.6790131821258667e+00	
1.0333342169856516e+01	9.2027768729936266e-01	2.6790130127724900e+00	
1.0333340252409105e+01	9.2027795844621418e-01	2.6790128669458784e+00	
1.0333338629958982e+01	9.2027818940885175e-01	2.6790127440683271e+00	
1.0333337288170469e+01	9.2027838210893853e-01	2.6790126427782912e+00	
1.0333336203865814e+01	9.2027853965515172e-01	2.6790125611348876e+00	
1.0333335348104002e+01	9.2027866593074903e-01	2.6790124968289901e+00	
1.0333334689039193e+01	9.2027876521062668e-01	2.6790124473810746e+00	
1.0333334194364244e+01	9.2027884183391817e-01	2.6790124103111057e+00	
1.0333333833224410e+01	9.2027889994752288e-01	2.6790123832715897e+00	
1.0333333577562723e+01	9.2027894332571636e-01	2.6790123641405312e+00	
1.0333333402923003e+01	9.2027897526237479e-01	2.6790123510758459e+00	
1.0333333288783146e+01	9.2027899852608641e-01	2.6790123425362773e+00	
1.0333333218518534e+01	9.2027901536479306e-01	2.6790123372759167e+00	
1.0333333179104548e+01	9.2027902754536750e-01	2.6790123343201633e+00	
1.0333333160661438e+01	9.2027903641430620e-01	2.6790123329305744e+00	
1.0333333155929367e+01	9.2027904296779095e-01	2.6790123325649740e+00	
1.0333333159740542e+01	9.2027904792214976e-01	2.6790123328376385e+00	
1.0333333168533761e+01	9.2027905177865821e-01	2.6790123334828522e+00	
1.0333333179936972e+01	9.2027905487925510e-01	2.6790123343236520e+00	
1.0333333192427590e+01	9.2027905745186234e-01	2.6790123352464392e+00	
1.0333333205069144e+01	9.2027905964550794e-01	2.6790123361813221e+00	
1.0333333217315818e+01	9.2027906155637185e-01	2.6790123370875314e+00	
1.0333333228873213e+01	9.2027906324632569e-01	2.6790123379430479e+00	
1.0333333239602927e+01	9.2027906475562005e-01	2.6790123387374818e+00	
1.0333333249459598e+01	9.2027906611124444e-01	2.6790123394673881e+00	
1.0333333258450834e+01	9.2027906733223186e-01	2.6790123401332773e+00	
1.0333333266612662e+01	9.2027906843290530e-01	2.6790123407377835e+00	
1.0333333273994993e+01	9.2027906942479165e-01	2.6790123412845825e+00	
1.0333333280653349e+01	9.2027907031771161e-01	2.6790123417777756e+00	
1.0333333286644319e+01	9.2027907112037644e-01	2.6790123422215464e+00	
1.0333333292023184e+01	9.2027907184070756e-01	2.6790123426199837e+00	
1.0333333296842746e+01	9.2027907248600316e-01	2.6790123429769963e+00	
1.0333333301152781e+01	9.2027907306302437e-01	2.6790123432962702e+00	
1.0333333304999844e+01	9.2027907357804384e-01	2.6790123435812507e+00	
1.0333333308427262e+01	9.2027907403687614e-01	2.6790123438351494e+00	
1.0333333311475160e+01	9.2027907444489987e-01	2.6790123440609355e+00	
1.0333333314180610e+01	9.2027907480707838e-01	2.6790123442613565e+00	
1.0333333316577724e+01	9.2027907512797946e-01	2.6790123444389384e+00	
1.0333333318697818e+01	9.2027907541179621e-01	2.6790123445960017e+00	
1.0333333320569556e+01	9.2027907566236555e-01	2.6790123447346681e+00	
1.0333333322219108e+01	9.2027907588319091e-01	2.6790123448568774e+00	
1.0333333323670294e+01	9.2027907607746107e-01	2.6790123449643937e+00	
1.0333333324944745e+01	9.2027907624807181e-01	2.6790123450588186e+00	
1.0333333326062057e+01	9.2027907639764617e-01	2.6790123451416052e+00	
1.0333333327039927e+01	9.2027907652855379e-01	2.6790123452140624e+00	
1.0333333327894312e+01	9.2027907664293018e-01	2.6790123452773735e+00	
1.0333333328639556e+01	9.2027907674269571e-01	2.6790123453326014e+00	
1.0333333329288521e+01	9.2027907682957244e-01	2.6790123453806984e+00	
1.0333333329852717e+01	9.2027907690510125e-01	2.6790123454225170e+00	
1.0333333330342423e+01	9.2027907697065814e-01	2.6790123454588186e+00	
1.0333333330766788e+01	9.2027907702746814e-01	2.6790123454902801e+00	
1.0333333331133954e+01	9.2027907707662027e-01	2.6790123455175068e+00	
1.0333333331451124e+01	9.2027907711908030e-01	2.6790123455410306e+00	
1.0333333331724692e+01	9.2027907715570278e-01	2.6790123455613259e+00	
1.0333333331960288e+01	9.2027907718724178e-01	2.6790123455788093e+00	
1.0333333332162880e+01	9.2027907721436231e-01	2.6790123455938488e+00	
1.0333333332336828e+01	9.2027907723764912e-01	2.6790123456067674e+00	
1.0333333332485967e+01	9.2027907725761438e-01	2.6790123456178478e+00	
1.0333333332613654e+01	9.2027907727470770e-01	2.6790123456273407e+00	
