1.0333333381610643e+01	9.2027907002796039e-01	2.6790123523798623e+00	
1.0333333388813370e+01	9.2027906919509361e-01	2.6790123517971289e+00	
1.0333333417077382e+01	9.2027906552405547e-01	2.6790123531641159e+00	
1.0333333457614220e+01	9.2027906019385697e-01	2.6790123556977199e+00	
1.0333333515358831e+01	9.2027905254605091e-01	2.6790123596745463e+00	
1.0333333596936543e+01	9.2027904169562491e-01	2.6790123655261486e+00	
1.0333333711110678e+01	9.2027902647111104e-01	2.6790123738626606e+00	
1.0333333869287559e+01	9.2027900534700746e-01	2.6790123855035572e+00	
1.0333334086057102e+01	9.2027897637143385e-01	2.6790124015131287e+00	
1.0333334379730182e+01	9.2027893709421749e-01	2.6790124232371975e+00	
1.0333334772812494e+01	9.2027888450347883e-01	2.6790124523361452e+00	
1.0333335292330014e+01	9.2027881498207720e-01	2.6790124908076609e+00	
1.0333335969895341e+01	9.2027872429875102e-01	2.6790125409907568e+00	
1.0333336841381074e+01	9.2027860765185443e-01	2.6790126055410028e+00	
1.0333337946051456e+01	9.2027845978561984e-01	2.6790126873658271e+00	
1.0333339325003781e+01	9.2027827519881678e-01	2.6790127895088309e+00	
1.0333341018794451e+01	9.2027804846256400e-01	2.6790129149737938e+00	
1.0333343064178573e+01	9.2027777465680960e-01	2.6790130664830660e+00	
1.0333345489981905e+01	9.2027744992295835e-01	2.6790132461717291e+00	
1.0333348312250660e+01	9.2027707211317711e-01	2.6790134552282878e+00	
1.0333351528981401e+01	9.2027664149590394e-01	2.6790136935042681e+00	
1.0333355114905020e+01	9.2027616145411884e-01	2.6790139591278335e+00	
1.0333359016960056e+01	9.2027563909132648e-01	2.6790142481684707e+00	
1.0333363151208070e+01	9.2027508564449334e-01	2.6790145544084973e+00	
1.0333367401979643e+01	9.2027451659836301e-01	2.6790148692798046e+00	
1.0333371623959122e+01	9.2027395140636792e-01	2.6790151820182815e+00	
1.0333375647696119e+01	9.2027341275280217e-01	2.6790154800720796e+00	
1.0333379288670461e+01	9.2027292533930272e-01	2.6790157497730895e+00	
1.0333382359561469e+01	9.2027251424237089e-01	2.6790159772457720e+00	
1.0333384684840707e+01	9.2027220295986334e-01	2.6790161494880937e+00	
1.0333386116304842e+01	9.2027201133163616e-01	2.6790162555221002e+00	
1.0333386547792145e+01	9.2027195356947145e-01	2.6790162874840133e+00	
1.0333385927177678e+01	9.2027203665130841e-01	2.6790162415127523e+00	
1.0333384263885076e+01	9.2027225931565404e-01	2.6790161183063579e+00	
1.0333381630605988e+01	9.2027261183139730e-01	2.6790159232493544e+00	
1.0333378158637982e+01	9.2027307662191393e-01	2.6790156660674214e+00	
1.0333374027132818e+01	9.2027362970436710e-01	2.6790153600309741e+00	
1.0333369447440086e+01	9.2027424278559622e-01	2.6790150207954513e+00	
1.0333364644468805e+01	9.2027488575721228e-01	2.6790146650207087e+00	
1.0333359837427125e+01	9.2027552927395329e-01	2.6790143089443359e+00	
1.0333355222347770e+01	9.2027614709299410e-01	2.6790139670872479e+00	
1.0333350958453574e+01	9.2027671789920007e-01	2.6790136512437268e+00	
1.0333347159736437e+01	9.2027722643245913e-01	2.6790133698576302e+00	
1.0333343892254696e+01	9.2027766384950171e-01	2.6790131278221927e+00	
1.0333341176771722e+01	9.2027802737068465e-01	2.6790129266754708e+00	
1.0333338995629552e+01	9.2027831935982840e-01	2.6790127651094915e+00	
1.0333337302296483e+01	9.2027854604608639e-01	2.6790126396774827e+00	
1.0333336031898332e+01	9.2027871611413137e-01	2.6790125455739644e+00	
1.0333335111216822e+01	9.2027883936566668e-01	2.6790124773753710e+00	
1.0333334467032607e+01	9.2027892560254754e-01	2.6790124296580529e+00	
1.0333334032189304e+01	9.2027898381498618e-01	2.6790123974474671e+00	
1.0333333749243533e+01	9.2027902169291820e-01	2.6790123764885490e+00	
1.0333333571954578e+01	9.2027904542658223e-01	2.6790123633560627e+00	
1.0333333465107961e+01	9.2027905973013602e-01	2.6790123554415279e+00	
1.0333333403255041e+01	9.2027906801038684e-01	2.6790123508598604e+00	
1.0333333368913548e+01	9.2027907260768482e-01	2.6790123483160775e+00	
1.0333333350658407e+01	9.2027907505150308e-01	2.6790123469638774e+00	
1.0333333341385869e+01	9.2027907629282035e-01	2.6790123462770565e+00	
1.0333333336895612e+01	9.2027907689393285e-01	2.6790123459444799e+00	
1.0333333334828064e+01	9.2027907717071700e-01	2.6790123457913646e+00	
1.0333333333925653e+01	9.2027907729152336e-01	2.6790123457245572e+00	
1.0333333333553693e+01	9.2027907734131820e-01	2.6790123456970432e+00	
1.0333333333409559e+01	9.2027907736061310e-01	2.6790123456864063e+00	
1.0333333333357357e+01	9.2027907736760106e-01	2.6790123456825796e+00	
1.0333333333339819e+01	9.2027907736994807e-01	2.6790123456813211e+00	
1.0333333333334407e+01	9.2027907737067116e-01	2.6790123456809596e+00	
1.0333333333332899e+01	9.2027907737087211e-01	2.6790123456808859e+00	
1.0333333333332526e+01	9.2027907737092052e-01	2.6790123456808912e+00	
1.0333333333332444e+01	9.2027907737092962e-01	2.6790123456809098e+00	
1.0333333333332428e+01	9.2027907737092995e-01	2.6790123456809187e+00	
1.0333333333332421e+01	9.2027907737092896e-01	2.6790123456809041e+00	
1.0333333333332414e+01	9.2027907737092773e-01	2.6790123456808490e+00	
1.0333333333332407e+01	9.2027907737092662e-01	2.6790123456807287e+00	
1.0333333333332400e+01	9.2027907737092574e-01	2.6790123456805035e+00	
1.0333333333332385e+01	9.2027907737092451e-01	2.6790123456801056e+00	
1.0333333333332376e+01	9.2027907737092318e-01	2.6790123456794337e+00	
1.0333333333332369e+01	9.2027907737092174e-01	2.6790123456783204e+00	
1.0333333333332359e+01	9.2027907737092085e-01	2.6790123456765014e+00	
1.0333333333332348e+01	9.2027907737091930e-01	2.6790123456735615e+00	
1.0333333333332341e+01	9.2027907737091807e-01	2.6790123456688466e+00	
1.0333333333332327e+01	9.2027907737091674e-01	2.6790123456613166e+00	
