1.0333333333333831e+01	9.2027907737097558e-01	2.6790123456790784e+00	
1.0333333333333924e+01	9.2027907737096470e-01	2.6790123456790735e+00	
1.0333333333334297e+01	9.2027907737091619e-01	2.6790123456790944e+00	
1.0333333333334885e+01	9.2027907737083836e-01	2.6790123456791335e+00	
1.0333333333335817e+01	9.2027907737071457e-01	2.6790123456791997e+00	
1.0333333333337299e+01	9.2027907737051673e-01	2.6790123456793071e+00	
1.0333333333339658e+01	9.2027907737020176e-01	2.6790123456794812e+00	
1.0333333333343408e+01	9.2027907736969983e-01	2.6790123456797583e+00	
1.0333333333349378e+01	9.2027907736890102e-01	2.6790123456802006e+00	
1.0333333333358880e+01	9.2027907736762926e-01	2.6790123456809041e+00	
1.0333333333374005e+01	9.2027907736560488e-01	2.6790123456820245e+00	
1.0333333333398079e+01	9.2027907736238224e-01	2.6790123456838075e+00	
1.0333333333436389e+01	9.2027907735725401e-01	2.6790123456866461e+00	
1.0333333333497341e+01	9.2027907734909475e-01	2.6790123456911608e+00	
1.0333333333594288e+01	9.2027907733611680e-01	2.6790123456983421e+00	
1.0333333333748431e+01	9.2027907731548164e-01	2.6790123457097601e+00	
1.0333333333993394e+01	9.2027907728268843e-01	2.6790123457279056e+00	
1.0333333334382409e+01	9.2027907723061086e-01	2.6790123457567212e+00	
1.0333333334999569e+01	9.2027907714799162e-01	2.6790123458024362e+00	
1.0333333335977349e+01	9.2027907701709644e-01	2.6790123458748645e+00	
1.0333333337523685e+01	9.2027907681008858e-01	2.6790123459894080e+00	
1.0333333339963550e+01	9.2027907648346385e-01	2.6790123461701385e+00	
1.0333333343802170e+01	9.2027907596958824e-01	2.6790123464544804e+00	
1.0333333349820128e+01	9.2027907516396479e-01	2.6790123469002558e+00	
1.0333333359214626e+01	9.2027907390632468e-01	2.6790123475961454e+00	
1.0333333373806104e+01	9.2027907195296499e-01	2.6790123486769959e+00	
1.0333333396335254e+01	9.2027906893699085e-01	2.6790123503458214e+00	
1.0333333430881318e+01	9.2027906431231321e-01	2.6790123529047887e+00	
1.0333333483438015e+01	9.2027905727655468e-01	2.6790123567978776e+00	
1.0333333562686160e+01	9.2027904666761495e-01	2.6790123626681117e+00	
1.0333333681000335e+01	9.2027903082891072e-01	2.6790123714321243e+00	
1.0333333855716766e+01	9.2027900743964330e-01	2.6790123843740807e+00	
1.0333334110666373e+01	9.2027897330957042e-01	2.6790124032592360e+00	
1.0333334477934125e+01	9.2027892414348211e-01	2.6790124304642551e+00	
1.0333334999735317e+01	9.2027885429002254e-01	2.6790124691161932e+00	
1.0333335730192417e+01	9.2027875650382784e-01	2.6790125232241202e+00	
1.0333336736646658e+01	9.2027862176994124e-01	2.6790125977762731e+00	
1.0333338099949083e+01	9.2027843926485564e-01	2.6790126987616163e+00	
1.0333339912966345e+01	9.2027819655654530e-01	2.6790128330591543e+00	
1.0333342276357387e+01	9.2027788016984591e-01	2.6790130081250862e+00	
1.0333345290615133e+01	9.2027747665183723e-01	2.6790132314033057e+00	
1.0333349043544960e+01	9.2027697424810451e-01	2.6790135093978868e+00	
1.0333353592903615e+01	9.2027636522686451e-01	2.6790138463870705e+00	
1.0333358944945497e+01	9.2027564875096568e-01	2.6790142428340911e+00	
1.0333365031103224e+01	9.2027483399963672e-01	2.6790146936598145e+00	
1.0333371686762627e+01	9.2027394300983978e-01	2.6790151866705534e+00	
1.0333378637640806e+01	9.2027301249978710e-01	2.6790157015490599e+00	
1.0333385500003899e+01	9.2027209383973674e-01	2.6790162098706745e+00	
1.0333391800185593e+01	9.2027125043901770e-01	2.6790166765491290e+00	
1.0333397016121916e+01	9.2027055218578402e-01	2.6790170629132120e+00	
1.0333400638959599e+01	9.2027006719958859e-01	2.6790173312703534e+00	
1.0333402247027882e+01	9.2026985192891908e-01	2.6790174503859716e+00	
1.0333401579124724e+01	9.2026994134053464e-01	2.6790174009119516e+00	
1.0333398591078190e+01	9.2027034134771990e-01	2.6790171795762845e+00	
1.0333393480551228e+01	9.2027102548969575e-01	2.6790168010204711e+00	
1.0333386670682062e+01	9.2027193712158650e-01	2.6790162965878044e+00	
1.0333378752452234e+01	9.2027299712943389e-01	2.6790157100544096e+00	
1.0333370396171404e+01	9.2027411577953866e-01	2.6790150910725554e+00	
1.0333362250850438e+01	9.2027520618925673e-01	2.6790144877168256e+00	
1.0333354853563819e+01	9.2027619646062975e-01	2.6790139397703521e+00	
1.0333348567840037e+01	9.2027703792812299e-01	2.6790134741612324e+00	
1.0333343561594946e+01	9.2027770811278953e-01	2.6790131033278080e+00	
1.0333339824067046e+01	9.2027820845522479e-01	2.6790128264728166e+00	
1.0333337211398987e+01	9.2027855821360860e-01	2.6790126329396813e+00	
1.0333335505021179e+01	9.2027878664787355e-01	2.6790125065373798e+00	
1.0333334467040380e+01	9.2027892560477875e-01	2.6790124296433513e+00	
1.0333333881454664e+01	9.2027900400038998e-01	2.6790123862560504e+00	
1.0333333576749659e+01	9.2027904479503775e-01	2.6790123636682415e+00	
1.0333333431566327e+01	9.2027906423450234e-01	2.6790123528868244e+00	
1.0333333368832070e+01	9.2027907263563435e-01	2.6790123481982335e+00	
1.0333333344575566e+01	9.2027907588371238e-01	2.6790123463386677e+00	
1.0333333336343166e+01	9.2027907698320455e-01	2.6790123456322381e+00	
1.0333333333955213e+01	9.2027907729538427e-01	2.6790123453002614e+00	
1.0333333333370858e+01	9.2027907735992165e-01	2.6790123449997068e+00	
1.0333333333219157e+01	9.2027907735965753e-01	2.6790123445582363e+00	
1.0333333333122612e+01	9.2027907734553627e-01	2.6790123438408737e+00	
1.0333333333012002e+01	9.2027907732888359e-01	2.6790123426895582e+00	
1.0333333332896350e+01	9.2027907731273251e-01	2.6790123408938573e+00	
1.0333333332803479e+01	9.2027907730014613e-01	2.6790123381566020e+00	
1.0333333332769810e+01	9.2027907729561476e-01	2.6790123340079037e+00	
1.0333333332838425e+01	9.2027907730479763e-01	2.6790123276090965e+00	
