1.0333333333308868e+01	9.2027907738147874e-01	2.6790123456270556e+00	
1.0333333333330408e+01	9.2027907738347348e-01	2.6790123456401282e+00	
1.0333333333566230e+01	9.2027907735704961e-01	2.6790123457420463e+00	
1.0333333333541473e+01	9.2027907736481185e-01	2.6790123457727191e+00	
1.0333333333385605e+01	9.2027907738804682e-01	2.6790123456655248e+00	
1.0333333333313224e+01	9.2027907739627912e-01	2.6790123455618446e+00	
1.0333333333355382e+01	9.2027907738340409e-01	2.6790123456383306e+00	
1.0333333333382976e+01	9.2027907736486381e-01	2.6790123458149666e+00	
1.0333333333296601e+01	9.2027907735269243e-01	2.6790123458086934e+00	
1.0333333333121608e+01	9.2027907734340730e-01	2.6790123455598436e+00	
1.0333333332941088e+01	9.2027907732769854e-01	2.6790123454121750e+00	
1.0333333332798427e+01	9.2027907730420733e-01	2.6790123456440451e+00	
1.0333333332687820e+01	9.2027907728138547e-01	2.6790123459552042e+00	
1.0333333332613766e+01	9.2027907726976543e-01	2.6790123458036526e+00	
1.0333333332630692e+01	9.2027907727628122e-01	2.6790123452902512e+00	
1.0333333332823395e+01	9.2027907730561231e-01	2.6790123452092960e+00	
1.0333333333262818e+01	9.2027907736368308e-01	2.6790123458832489e+00	
1.0333333333981752e+01	9.2027907745719340e-01	2.6790123464299098e+00	
1.0333333334973227e+01	9.2027907758885519e-01	2.6790123459170592e+00	
1.0333333336184930e+01	9.2027907775223816e-01	2.6790123450066092e+00	
1.0333333337494830e+01	9.2027907792895691e-01	2.6790123453272847e+00	
1.0333333338680685e+01	9.2027907808771836e-01	2.6790123468940594e+00	
1.0333333339405955e+01	9.2027907818392707e-01	2.6790123474864598e+00	
1.0333333339233988e+01	9.2027907816038956e-01	2.6790123457812554e+00	
1.0333333337670792e+01	9.2027907795139952e-01	2.6790123439750984e+00	
1.0333333334237198e+01	9.2027907749222593e-01	2.6790123450469547e+00	
1.0333333328576593e+01	9.2027907673451947e-01	2.6790123476662444e+00	
1.0333333320603153e+01	9.2027907566682143e-01	2.6790123470110441e+00	
1.0333333310683198e+01	9.2027907433858114e-01	2.6790123421328902e+00	
1.0333333299825675e+01	9.2027907288507449e-01	2.6790123390599661e+00	
1.0333333289842718e+01	9.2027907154872979e-01	2.6790123426301897e+00	
1.0333333283428475e+01	9.2027907068995762e-01	2.6790123476716579e+00	
1.0333333284093188e+01	9.2027907077857907e-01	2.6790123450331564e+00	
1.0333333295881953e+01	9.2027907235612960e-01	2.6790123369225114e+00	
1.0333333322810788e+01	9.2027907596018155e-01	2.6790123374413932e+00	
1.0333333367974324e+01	9.2027908200484965e-01	2.6790123520892828e+00	
1.0333333432325471e+01	9.2027909061755120e-01	2.6790123652772420e+00	
1.0333333513199950e+01	9.2027910144154024e-01	2.6790123607811127e+00	
1.0333333602756914e+01	9.2027911342688695e-01	2.6790123500708272e+00	
1.0333333686625554e+01	9.2027912464865258e-01	2.6790123605940814e+00	
1.0333333743173247e+01	9.2027913220813506e-01	2.6790123906742696e+00	
1.0333333743921399e+01	9.2027913228805713e-01	2.6790123996257766e+00	
1.0333333655696906e+01	9.2027912044089910e-01	2.6790123631569354e+00	
1.0333333445078951e+01	9.2027909218540482e-01	2.6790123185119015e+00	
1.0333333085534578e+01	9.2027904396319637e-01	2.6790123158189272e+00	
1.0333332567286037e+01	9.2027897445934159e-01	2.6790123302935576e+00	
1.0333331909384608e+01	9.2027888621351628e-01	2.6790122792617184e+00	
1.0333331172673798e+01	9.2027878734163426e-01	2.6790121519348462e+00	
1.0333330471348889e+01	9.2027869305746002e-01	2.6790120617146163e+00	
1.0333329979757650e+01	9.2027862654488712e-01	2.6790121018601512e+00	
1.0333329930116196e+01	9.2027861861012206e-01	2.6790121934307058e+00	
1.0333330596201844e+01	9.2027870547522361e-01	2.6790121934559270e+00	
1.0333332258208474e+01	9.2027892410256718e-01	2.6790121597984378e+00	
1.0333335145301325e+01	9.2027930460357954e-01	2.6790123511476494e+00	
1.0333339355526249e+01	9.2027985961513525e-01	2.6790128620109392e+00	
1.0333344757958974e+01	9.2028057105154493e-01	2.6790134055610002e+00	
1.0333350889109955e+01	9.2028137540300747e-01	2.6790136719463775e+00	
1.0333356863583752e+01	9.2028214981227996e-01	2.6790138134987376e+00	
1.0333361326001814e+01	9.2028270254500733e-01	2.6790142262012608e+00	
1.0333362475230086e+01	9.2028277304796280e-01	2.6790147645344149e+00	
1.0333358192102848e+01	9.2028204810396042e-01	2.6790145938677714e+00	
1.0333346299519240e+01	9.2028020070625216e-01	2.6790131835500977e+00	
1.0333324981973094e+01	9.2027695592169978e-01	2.6790111035250219e+00	
1.0333293390706512e+01	9.2027218225479190e-01	2.6790091883964644e+00	
1.0333252452826585e+01	9.2026599827796740e-01	2.6790070624665168e+00	
1.0333205867054058e+01	9.2025887519236049e-01	2.6790035317774445e+00	
1.0333161172713872e+01	9.2025171145830498e-01	2.6789989205944340e+00	
1.0333130594836469e+01	9.2024586101384787e-01	2.6789959906595016e+00	
1.0333131118505715e+01	9.2024311222521671e-01	2.6789973827283498e+00	
1.0333183056755411e+01	9.2024562842814972e-01	2.6790028846859268e+00	
1.0333306490930630e+01	9.2025584616661371e-01	2.6790111207516678e+00	
1.0333515620859206e+01	9.2027625866741480e-01	2.6790237658537430e+00	
1.0333812207936633e+01	9.2030890467265969e-01	2.6790450235616152e+00	
1.0334180229399458e+01	9.2035433543671352e-01	2.6790749475105553e+00	
1.0334583362369980e+01	9.2041000984949639e-01	2.6791058346229297e+00	
1.0334964448680903e+01	9.2046853614970126e-01	2.6791289418139810e+00	
1.0335243600780185e+01	9.2051666852430514e-01	2.6791429830291347e+00	
1.0335313147164150e+01	9.2053591333698781e-01	2.6791494653579240e+00	
1.0335034601305553e+01	9.2050477385148777e-01	2.6791378028559771e+00	
1.0334249154371964e+01	9.2040183727808478e-01	2.6790821953764050e+00	
1.0332809878239081e+01	9.2020926004927106e-01	2.6789617381950497e+00	
