1.0333338917648497e+01	9.2027821826714895e-01	2.6790131825697725e+00	
1.0333339289081506e+01	9.2027817807239576e-01	2.6790131109000463e+00	
1.0333340875538502e+01	9.2027797458166916e-01	2.6790131494587386e+00	
1.0333342730256598e+01	9.2027773456200024e-01	2.6790132249355021e+00	
1.0333344867245055e+01	9.2027745616322265e-01	2.6790133353862178e+00	
1.0333347291116489e+01	9.2027713879402784e-01	2.6790134784674242e+00	
1.0333349994319248e+01	9.2027678349219610e-01	2.6790136512813008e+00	
1.0333352954568456e+01	9.2027639326824129e-01	2.6790138501979976e+00	
1.0333356132770851e+01	9.2027597338298261e-01	2.6790140706882202e+00	
1.0333359471765542e+01	9.2027553151589536e-01	2.6790143071995103e+00	
1.0333362896197274e+01	9.2027507778188444e-01	2.6790145531075131e+00	
1.0333366313790750e+01	9.2027462456051168e-01	2.6790148007679320e+00	
1.0333369618200990e+01	9.2027418611426848e-01	2.6790150416861995e+00	
1.0333372693476568e+01	9.2027377799095167e-01	2.6790152668101026e+00	
1.0333375419999999e+01	9.2027341622831349e-01	2.6790154669366362e+00	
1.0333377681579913e+01	9.2027311640455223e-01	2.6790156332094446e+00	
1.0333379373186595e+01	9.2027289260268830e-01	2.6790157576690756e+00	
1.0333380408674515e+01	9.2027275637670614e-01	2.6790158338069485e+00	
1.0333380727749352e+01	9.2027271581884873e-01	2.6790158570674238e+00	
1.0333380301435293e+01	9.2027277482769065e-01	2.6790158252421348e+00	
1.0333379135392484e+01	9.2027293266402332e-01	2.6790157387077964e+00	
1.0333377270622210e+01	9.2027318385644841e-01	2.6790156004726255e+00	
1.0333374781361146e+01	9.2027351848327477e-01	2.6790154160161692e+00	
1.0333371770273510e+01	9.2027392281615039e-01	2.6790151929301929e+00	
1.0333368361359561e+01	9.2027438026941277e-01	2.6790149403913022e+00	
1.0333364691265229e+01	9.2027487256348606e-01	2.6790146685157739e+00	
1.0333360899860189e+01	9.2027538098621764e-01	2.6790143876606454e+00	
1.0333357121022043e+01	9.2027588762663448e-01	2.6790141077404037e+00	
1.0333353474511553e+01	9.2027637646264582e-01	2.6790138376246952e+00	
1.0333350059657736e+01	9.2027683420646966e-01	2.6790135846702667e+00	
1.0333346951319525e+01	9.2027725084529721e-01	2.6790133544216226e+00	
1.0333344198293966e+01	9.2027761985444101e-01	2.6790131504929899e+00	
1.0333341824045768e+01	9.2027793809972902e-01	2.6790129746222706e+00	
1.0333339829382689e+01	9.2027820547940042e-01	2.6790128268691631e+00	
1.0333338196528576e+01	9.2027842437890406e-01	2.6790127059168376e+00	
1.0333336893966843e+01	9.2027859902254616e-01	2.6790126094306834e+00	
1.0333335881442121e+01	9.2027873480397027e-01	2.6790125344287956e+00	
1.0333335114599938e+01	9.2027883766508134e-01	2.6790124776256401e+00	
1.0333334548888180e+01	9.2027891357380309e-01	2.6790124357210519e+00	
1.0333334142508647e+01	9.2027896812898635e-01	2.6790124056188600e+00	
1.0333333858364512e+01	9.2027900629974502e-01	2.6790123845711502e+00	
1.0333333665077532e+01	9.2027903228931029e-01	2.6790123702536031e+00	
1.0333333537236204e+01	9.2027904950184625e-01	2.6790123607838860e+00	
1.0333333455078698e+01	9.2027906058492270e-01	2.6790123546981577e+00	
1.0333333403819019e+01	9.2027906751975008e-01	2.6790123509011585e+00	
1.0333333372800297e+01	9.2027907173455614e-01	2.6790123486034911e+00	
1.0333333354618347e+01	9.2027907422193378e-01	2.6790123472566960e+00	
1.0333333344312500e+01	9.2027907564719025e-01	2.6790123464933164e+00	
1.0333333338677704e+01	9.2027907644045237e-01	2.6790123460759419e+00	
1.0333333335717485e+01	9.2027907686991917e-01	2.6790123458566839e+00	
1.0333333334233402e+01	9.2027907709683510e-01	2.6790123457467696e+00	
1.0333333333532714e+01	9.2027907721463886e-01	2.6790123456948858e+00	
1.0333333333230263e+01	9.2027907727550096e-01	2.6790123456725019e+00	
1.0333333333120379e+01	9.2027907730747949e-01	2.6790123456643826e+00	
1.0333333333097858e+01	9.2027907732511283e-01	2.6790123456627351e+00	
1.0333333333111344e+01	9.2027907733566749e-01	2.6790123456637560e+00	
1.0333333333137093e+01	9.2027907734265724e-01	2.6790123456656851e+00	
1.0333333333164864e+01	9.2027907734774228e-01	2.6790123456677652e+00	
1.0333333333190691e+01	9.2027907735170100e-01	2.6790123456697024e+00	
1.0333333333213348e+01	9.2027907735490821e-01	2.6790123456714050e+00	
1.0333333333232730e+01	9.2027907735755954e-01	2.6790123456728665e+00	
1.0333333333249117e+01	9.2027907735977066e-01	2.6790123456741068e+00	
1.0333333333262898e+01	9.2027907736162062e-01	2.6790123456751544e+00	
1.0333333333274458e+01	9.2027907736316927e-01	2.6790123456760386e+00	
1.0333333333284141e+01	9.2027907736446568e-01	2.6790123456767847e+00	
1.0333333333292241e+01	9.2027907736554992e-01	2.6790123456774149e+00	
1.0333333333299008e+01	9.2027907736645587e-01	2.6790123456779464e+00	
1.0333333333304662e+01	9.2027907736721271e-01	2.6790123456783976e+00	
1.0333333333309376e+01	9.2027907736784376e-01	2.6790123456787800e+00	
1.0333333333313309e+01	9.2027907736836989e-01	2.6790123456791060e+00	
1.0333333333316581e+01	9.2027907736880854e-01	2.6790123456793831e+00	
1.0333333333319308e+01	9.2027907736917347e-01	2.6790123456796211e+00	
1.0333333333321574e+01	9.2027907736947701e-01	2.6790123456798254e+00	
1.0333333333323459e+01	9.2027907736972914e-01	2.6790123456800021e+00	
1.0333333333325024e+01	9.2027907736993886e-01	2.6790123456801549e+00	
1.0333333333326324e+01	9.2027907737011283e-01	2.6790123456802859e+00	
1.0333333333327401e+01	9.2027907737025716e-01	2.6790123456803960e+00	
1.0333333333328296e+01	9.2027907737037673e-01	2.6790123456804866e+00	
1.0333333333329037e+01	9.2027907737047587e-01	2.6790123456805537e+00	
1.0333333333329652e+01	9.2027907737055781e-01	2.6790123456805910e+00	
1.0333333333330156e+01	9.2027907737062586e-01	2.6790123456805861e+00	
