1.0333333333333536e+01	9.2027907737102077e-01	2.6790123456790393e+00	
1.0333333333333570e+01	9.2027907737101589e-01	2.6790123456790367e+00	
1.0333333333333723e+01	9.2027907737099657e-01	2.6790123456790451e+00	
1.0333333333333961e+01	9.2027907737096482e-01	2.6790123456790602e+00	
1.0333333333334341e+01	9.2027907737091430e-01	2.6790123456790877e+00	
1.0333333333334942e+01	9.2027907737083436e-01	2.6790123456791317e+00	
1.0333333333335899e+01	9.2027907737070647e-01	2.6790123456792023e+00	
1.0333333333337418e+01	9.2027907737050318e-01	2.6790123456793142e+00	
1.0333333333339841e+01	9.2027907737017911e-01	2.6790123456794941e+00	
1.0333333333343697e+01	9.2027907736966319e-01	2.6790123456797796e+00	
1.0333333333349831e+01	9.2027907736884196e-01	2.6790123456802339e+00	
1.0333333333359597e+01	9.2027907736753456e-01	2.6790123456809574e+00	
1.0333333333375148e+01	9.2027907736545322e-01	2.6790123456821093e+00	
1.0333333333399898e+01	9.2027907736213965e-01	2.6790123456839425e+00	
1.0333333333439290e+01	9.2027907735686620e-01	2.6790123456868606e+00	
1.0333333333501974e+01	9.2027907734847481e-01	2.6790123456915045e+00	
1.0333333333601701e+01	9.2027907733512460e-01	2.6790123456988915e+00	
1.0333333333760311e+01	9.2027907731389114e-01	2.6790123457106394e+00	
1.0333333334012499e+01	9.2027907728013070e-01	2.6790123457293209e+00	
1.0333333334413247e+01	9.2027907722648239e-01	2.6790123457590056e+00	
1.0333333335049595e+01	9.2027907714129431e-01	2.6790123458061421e+00	
1.0333333336058924e+01	9.2027907700617562e-01	2.6790123458809068e+00	
1.0333333337657406e+01	9.2027907679218723e-01	2.6790123459993134e+00	
1.0333333340183826e+01	9.2027907645397566e-01	2.6790123461864561e+00	
1.0333333344166585e+01	9.2027907592080471e-01	2.6790123464814761e+00	
1.0333333350425079e+01	9.2027907508298168e-01	2.6790123469450675e+00	
1.0333333360221252e+01	9.2027907377157003e-01	2.6790123476707088e+00	
1.0333333375482731e+01	9.2027907172851853e-01	2.6790123488011899e+00	
1.0333333399125584e+01	9.2027906856345376e-01	2.6790123505525147e+00	
1.0333333435511586e+01	9.2027906369246448e-01	2.6790123532477739e+00	
1.0333333491080937e+01	9.2027905625340223e-01	2.6790123573640194e+00	
1.0333333575204694e+01	9.2027904499176438e-01	2.6790123635954073e+00	
1.0333333701299319e+01	9.2027902811148976e-01	2.6790123729357518e+00	
1.0333333888234728e+01	9.2027900308646493e-01	2.6790123867828228e+00	
1.0333334162041796e+01	9.2027896643193996e-01	2.6790124070648256e+00	
1.0333334557878063e+01	9.2027891344138035e-01	2.6790124363860230e+00	
1.0333335122130940e+01	9.2027883790491116e-01	2.6790124781825275e+00	
1.0333335914414439e+01	9.2027873184201725e-01	2.6790125368701960e+00	
1.0333337009037731e+01	9.2027858530494888e-01	2.6790126179533962e+00	
1.0333338495291601e+01	9.2027838634037717e-01	2.6790127280462435e+00	
1.0333340475634344e+01	9.2027812123225117e-01	2.6790128747382380e+00	
1.0333343060625369e+01	9.2027777518004406e-01	2.6790130662189711e+00	
1.0333346359368296e+01	9.2027733357813557e-01	2.6790133105701646e+00	
1.0333350464453973e+01	9.2027678403149726e-01	2.6790136146503345e+00	
1.0333355431121678e+01	9.2027611914537677e-01	2.6790139825512087e+00	
1.0333361251714162e+01	9.2027533994498500e-01	2.6790144137055512e+00	
1.0333367828452671e+01	9.2027445952007281e-01	2.6790149008704653e+00	
1.0333374949790803e+01	9.2027350619038784e-01	2.6790154283757937e+00	
1.0333382277479194e+01	9.2027252523726200e-01	2.6790159711659762e+00	
1.0333389352089821e+01	9.2027157816401273e-01	2.6790164952093827e+00	
1.0333395623206366e+01	9.2027073865434272e-01	2.6790169597346924e+00	
1.0333400506279922e+01	9.2027008496111806e-01	2.6790173214423239e+00	
1.0333403461600344e+01	9.2026968933460651e-01	2.6790175403539895e+00	
1.0333404083345046e+01	9.2026960610171493e-01	2.6790175864088952e+00	
1.0333402180567960e+01	9.2026986082419671e-01	2.6790174454630225e+00	
1.0333397829881186e+01	9.2027044324626806e-01	2.6790171231914242e+00	
1.0333391383293348e+01	9.2027130624526243e-01	2.6790166456685989e+00	
1.0333383424243223e+01	9.2027237171722953e-01	2.6790160561116267e+00	
1.0333374678066683e+01	9.2027354256248528e-01	2.6790154082484658e+00	
1.0333365895888791e+01	9.2027471822874518e-01	2.6790147577178183e+00	
1.0333357738746212e+01	9.2027581022353711e-01	2.6790141534855096e+00	
1.0333350688546963e+01	9.2027675403399423e-01	2.6790136312482740e+00	
1.0333345004080668e+01	9.2027751501580168e-01	2.6790132101749653e+00	
1.0333340726671446e+01	9.2027808763647778e-01	2.6790128933257704e+00	
1.0333337726175452e+01	9.2027848931767342e-01	2.6790126710598101e+00	
1.0333335768693861e+01	9.2027875137038739e-01	2.6790125260501663e+00	
1.0333334585265183e+01	9.2027890979908344e-01	2.6790124383710014e+00	
1.0333333925479907e+01	9.2027899812430747e-01	2.6790123894691047e+00	
1.0333333588454886e+01	9.2027904323626675e-01	2.6790123644595303e+00	
1.0333333432072733e+01	9.2027906415821126e-01	2.6790123528093610e+00	
1.0333333366915216e+01	9.2027907285899424e-01	2.6790123478832824e+00	
1.0333333342915832e+01	9.2027907604048553e-01	2.6790123459468478e+00	
1.0333333335257509e+01	9.2027907702616696e-01	2.6790123451140482e+00	
1.0333333333175839e+01	9.2027907726080538e-01	2.6790123445104159e+00	
1.0333333332675954e+01	9.2027907728612768e-01	2.6790123437238313e+00	
1.0333333332553075e+01	9.2027907727392133e-01	2.6790123424987500e+00	
1.0333333332563305e+01	9.2027907727073932e-01	2.6790123405914663e+00	
1.0333333332725518e+01	9.2027907729033787e-01	2.6790123376987198e+00	
1.0333333333104669e+01	9.2027907734054470e-01	2.6790123333651938e+00	
1.0333333333754602e+01	9.2027907742745696e-01	2.6790123267708381e+00	
1.0333333334696444e+01	9.2027907755353122e-01	2.6790123163213746e+00	
