1.0333333331934087e+01	9.2027907748569293e-01	2.6790123462288875e+00	
1.0333333332520839e+01	9.2027907732924186e-01	2.6790123463881477e+00	
1.0333333329527283e+01	9.2027907763878436e-01	2.6790123449512939e+00	
1.0333333330592914e+01	9.2027907740362380e-01	2.6790123441828122e+00	
1.0333333332847955e+01	9.2027907702732437e-01	2.6790123455102108e+00	
1.0333333333262551e+01	9.2027907694241484e-01	2.6790123473459855e+00	
1.0333333332092769e+01	9.2027907714766677e-01	2.6790123467174953e+00	
1.0333333331586909e+01	9.2027907737770631e-01	2.6790123439324072e+00	
1.0333333332983566e+01	9.2027907749863513e-01	2.6790123432058377e+00	
1.0333333335613803e+01	9.2027907761908412e-01	2.6790123466420872e+00	
1.0333333338305724e+01	9.2027907789042718e-01	2.6790123498063507e+00	
1.0333333340723055e+01	9.2027907831423406e-01	2.6790123472905147e+00	
1.0333333343164298e+01	9.2027907875616610e-01	2.6790123419320322e+00	
1.0333333345535392e+01	9.2027907907392159e-01	2.6790123426000982e+00	
1.0333333346876074e+01	9.2027907917857843e-01	2.6790123504657317e+00	
1.0333333345778939e+01	9.2027907898883521e-01	2.6790123541349340e+00	
1.0333333341013962e+01	9.2027907837526157e-01	2.6790123454184172e+00	
1.0333333331762724e+01	9.2027907717859270e-01	2.6790123349088422e+00	
1.0333333317581769e+01	9.2027907528817143e-01	2.6790123395754892e+00	
1.0333333298550167e+01	9.2027907271773102e-01	2.6790123546939490e+00	
1.0333333275762937e+01	9.2027906964907669e-01	2.6790123546774787e+00	
1.0333333251920044e+01	9.2027906646167423e-01	2.6790123315240590e+00	
1.0333333231685808e+01	9.2027906376726532e-01	2.6790123156052927e+00	
1.0333333221686626e+01	9.2027906243395807e-01	2.6790123355700084e+00	
1.0333333230145140e+01	9.2027906355996225e-01	2.6790123674581796e+00	
1.0333333266082732e+01	9.2027906836387174e-01	2.6790123599126852e+00	
1.0333333337908941e+01	9.2027907797934483e-01	2.6790123171793430e+00	
1.0333333451241508e+01	9.2027909315581369e-01	2.6790123120459870e+00	
1.0333333605984382e+01	9.2027911387379968e-01	2.6790123807602733e+00	
1.0333333792931031e+01	9.2027913889875512e-01	2.6790124454454141e+00	
1.0333333990387080e+01	9.2027916532958876e-01	2.6790124116029546e+00	
1.0333334161534056e+01	9.2027918824054833e-01	2.6790123280148133e+00	
1.0333334253510081e+01	9.2027920055475532e-01	2.6790123455956065e+00	
1.0333334199419593e+01	9.2027919331469765e-01	2.6790124778136040e+00	
1.0333333924589363e+01	9.2027915652280146e-01	2.6790125203615665e+00	
1.0333333358236796e+01	9.2027908070429743e-01	2.6790123300717408e+00	
1.0333332451206974e+01	9.2027895928005643e-01	2.6790120935218749e+00	
1.0333331199492372e+01	9.2027879171353510e-01	2.6790121049785185e+00	
1.0333329671827007e+01	9.2027858720495448e-01	2.6790122799448759e+00	
1.0333328037760523e+01	9.2027836845089117e-01	2.6790121819404433e+00	
1.0333326590387227e+01	9.2027817468781303e-01	2.6790116984272081e+00	
1.0333325755611101e+01	9.2027806293239722e-01	2.6790113914902953e+00	
1.0333326077951119e+01	9.2027810608138949e-01	2.6790117845642216e+00	
1.0333328172101274e+01	9.2027838642599991e-01	2.6790124808633711e+00	
1.0333332630538386e+01	9.2027898327939539e-01	2.6790126198684594e+00	
1.0333339881270284e+01	9.2027995392992457e-01	2.6790123168143545e+00	
1.0333349997189270e+01	9.2028130812201725e-01	2.6790128468812124e+00	
1.0333362469973070e+01	9.2028297779372048e-01	2.6790147815454546e+00	
1.0333375976841376e+01	9.2028478585404927e-01	2.6790166531061645e+00	
1.0333388186673249e+01	9.2028642023451945e-01	2.6790166868022043e+00	
1.0333395671023348e+01	9.2028742199064029e-01	2.6790155688634174e+00	
1.0333394001711612e+01	9.2028719835581085e-01	2.6790156711100832e+00	
1.0333378124096479e+01	9.2028507267162662e-01	2.6790168835395316e+00	
1.0333343087534329e+01	9.2028038215766150e-01	2.6790153406756865e+00	
1.0333285185797337e+01	9.2027263053143871e-01	2.6790084211171079e+00	
1.0333203502699286e+01	9.2026169466067220e-01	2.6789994515654745e+00	
1.0333101764793811e+01	9.2024807225514815e-01	2.6789938102406152e+00	
1.0332990276233918e+01	9.2023314109432286e-01	2.6789905736555744e+00	
1.0332887563419456e+01	9.2021938016479998e-01	2.6789832601342138e+00	
1.0332821201960332e+01	9.2021048163309282e-01	2.6789717266976019e+00	
1.0332827159408277e+01	9.2021126410110554e-01	2.6789680053139606e+00	
1.0332946921771892e+01	9.2022728773359452e-01	2.6789834419632781e+00	
1.0333221741370370e+01	9.2026407777673680e-01	2.6790131344315014e+00	
1.0333683563524223e+01	9.2032589453728053e-01	2.6790437436006478e+00	
1.0334342595397768e+01	9.2041405424524436e-01	2.6790778423654200e+00	
1.0335172197137958e+01	9.2052490754292171e-01	2.6791357206806690e+00	
1.0336092829040982e+01	9.2064771444616211e-01	2.6792217376861536e+00	
1.0336957964085949e+01	9.2076280970212188e-01	2.6793008136462801e+00	
1.0337546092633378e+01	9.2084061371961612e-01	2.6793288437647371e+00	
1.0337564363135080e+01	9.2084217257675083e-01	2.6793009986715983e+00	
1.0336670483275638e+01	9.2072197272460465e-01	2.6792387424137227e+00	
1.0334518980194277e+01	9.2043376829070744e-01	2.6791197940801399e+00	
1.0330835720701034e+01	9.1994004415653974e-01	2.6788617311119602e+00	
1.0325521320562016e+01	9.1922541122863655e-01	2.6784175276667548e+00	
1.0318777141064146e+01	9.1831363254821674e-01	2.6778650508891939e+00	
1.0311234741400645e+01	9.1728701570602189e-01	2.6773422741375197e+00	
1.0304059525479930e+01	9.1630497753525175e-01	2.6769034187262153e+00	
1.0299003991762728e+01	9.1561481422945912e-01	2.6765364884508842e+00	
1.0298393938836471e+01	9.1554341515175641e-01	2.6763686443734001e+00	
1.0305003160951152e+01	9.1646067901882577e-01	2.6767483143137367e+00	
1.0321689705109598e+01	9.1872078948424962e-01	2.6780473365389672e+00	
