1.0333333333336350e+01	9.2027907737059444e-01	2.6790123456794195e+00	
1.0333333333336936e+01	9.2027907737052494e-01	2.6790123456793902e+00	
1.0333333333339194e+01	9.2027907737023051e-01	2.6790123456795136e+00	
1.0333333333342765e+01	9.2027907736975845e-01	2.6790123456797512e+00	
1.0333333333348435e+01	9.2027907736900483e-01	2.6790123456801553e+00	
1.0333333333357439e+01	9.2027907736780346e-01	2.6790123456808126e+00	
1.0333333333371760e+01	9.2027907736588999e-01	2.6790123456818673e+00	
1.0333333333394535e+01	9.2027907736284409e-01	2.6790123456835508e+00	
1.0333333333430756e+01	9.2027907735799741e-01	2.6790123456862309e+00	
1.0333333333488353e+01	9.2027907735028902e-01	2.6790123456904964e+00	
1.0333333333579892e+01	9.2027907733803638e-01	2.6790123456972763e+00	
1.0333333333725296e+01	9.2027907731857272e-01	2.6790123457080464e+00	
1.0333333333956064e+01	9.2027907728768066e-01	2.6790123457251402e+00	
1.0333333334321917e+01	9.2027907723870517e-01	2.6790123457522403e+00	
1.0333333334901083e+01	9.2027907716117285e-01	2.6790123457951411e+00	
1.0333333335816235e+01	9.2027907703866196e-01	2.6790123458629305e+00	
1.0333333337258919e+01	9.2027907684553079e-01	2.6790123459697961e+00	
1.0333333339526698e+01	9.2027907654194374e-01	2.6790123461377799e+00	
1.0333333343079088e+01	9.2027907606638581e-01	2.6790123464009197e+00	
1.0333333348620799e+01	9.2027907532451836e-01	2.6790123468114171e+00	
1.0333333357223939e+01	9.2027907417281707e-01	2.6790123474486864e+00	
1.0333333370504791e+01	9.2027907239491136e-01	2.6790123484324533e+00	
1.0333333390875067e+01	9.2027906966794437e-01	2.6790123499413614e+00	
1.0333333421892245e+01	9.2027906551567862e-01	2.6790123522389311e+00	
1.0333333468737374e+01	9.2027905924452669e-01	2.6790123557089403e+00	
1.0333333538851033e+01	9.2027904985841902e-01	2.6790123609025449e+00	
1.0333333642756132e+01	9.2027903594865523e-01	2.6790123685992184e+00	
1.0333333795087984e+01	9.2027901555600833e-01	2.6790123798830603e+00	
1.0333334015833305e+01	9.2027898600485802e-01	2.6790123962345649e+00	
1.0333334331746096e+01	9.2027894371365082e-01	2.6790124196355114e+00	
1.0333334777854205e+01	9.2027888399321434e-01	2.6790124526805545e+00	
1.0333335398891391e+01	9.2027880085504721e-01	2.6790124986833050e+00	
1.0333336250383319e+01	9.2027868686594183e-01	2.6790125617567737e+00	
1.0333337398986126e+01	9.2027853310265628e-01	2.6790126468384479e+00	
1.0333338921538450e+01	9.2027832927882780e-01	2.6790127596200728e+00	
1.0333340902172649e+01	9.2027806413169222e-01	2.6790129063336652e+00	
1.0333343426790782e+01	9.2027772616159020e-01	2.6790130933423240e+00	
1.0333346574314183e+01	9.2027730480338810e-01	2.6790133264920528e+00	
1.0333350404438782e+01	9.2027679206567470e-01	2.6790136102047386e+00	
1.0333354942229692e+01	9.2027618459307825e-01	2.6790139463370175e+00	
1.0333360160772841e+01	9.2027548598868103e-01	2.6790143328952101e+00	
1.0333365964179686e+01	9.2027470908915543e-01	2.6790147627764198e+00	
1.0333372174301667e+01	9.2027387774326519e-01	2.6790152227844324e+00	
1.0333378525224850e+01	9.2027302754883067e-01	2.6790156932219329e+00	
1.0333384669589687e+01	9.2027220500666884e-01	2.6790161483586523e+00	
1.0333390199676659e+01	9.2027146469784737e-01	2.6790165579932701e+00	
1.0333394683881389e+01	9.2027086440079009e-01	2.6790168901552756e+00	
1.0333397715890246e+01	9.2027045850821021e-01	2.6790171147475741e+00	
1.0333398970196976e+01	9.2027029059520804e-01	2.6790172076587857e+00	
1.0333398254556061e+01	9.2027038639745473e-01	2.6790171546486228e+00	
1.0333395548637617e+01	9.2027074863653946e-01	2.6790169542111708e+00	
1.0333391019356478e+01	9.2027135496787704e-01	2.6790166187103681e+00	
1.0333385007280159e+01	9.2027215980020205e-01	2.6790161733732201e+00	
1.0333377984498197e+01	9.2027309993547168e-01	2.6790156531690656e+00	
1.0333370490883915e+01	9.2027410310136615e-01	2.6790150980882910e+00	
1.0333363060922988e+01	9.2027509774664196e-01	2.6790145477222604e+00	
1.0333356155570844e+01	9.2027602216334892e-01	2.6790140362157544e+00	
1.0333350112128084e+01	9.2027683119703063e-01	2.6790135885540196e+00	
1.0333345120287220e+01	9.2027749945341575e-01	2.6790132187884219e+00	
1.0333341225808079e+01	9.2027802080645893e-01	2.6790129303086410e+00	
1.0333338356800764e+01	9.2027840487989432e-01	2.6790127177895311e+00	
1.0333336363220546e+01	9.2027867176007661e-01	2.6790125701166718e+00	
1.0333335058937857e+01	9.2027884636408064e-01	2.6790124735026701e+00	
1.0333334257515551e+01	9.2027895365019130e-01	2.6790124141372891e+00	
1.0333333796518563e+01	9.2027901536356593e-01	2.6790123799881007e+00	
1.0333333549286287e+01	9.2027904846026587e-01	2.6790123616724730e+00	
1.0333333426304410e+01	9.2027906492360168e-01	2.6790123525591385e+00	
1.0333333369935483e+01	9.2027907246955587e-01	2.6790123483777748e+00	
1.0333333346334530e+01	9.2027907562903277e-01	2.6790123466199902e+00	
1.0333333337415906e+01	9.2027907682324972e-01	2.6790123459440740e+00	
1.0333333334428353e+01	9.2027907722382829e-01	2.6790123456988484e+00	
1.0333333333568719e+01	9.2027907733996661e-01	2.6790123455982227e+00	
1.0333333333371328e+01	9.2027907736789216e-01	2.6790123455264339e+00	
1.0333333333345248e+01	9.2027907737325954e-01	2.6790123454344124e+00	
1.0333333333352238e+01	9.2027907737438752e-01	2.6790123452894830e+00	
1.0333333333361271e+01	9.2027907737508752e-01	2.6790123450514756e+00	
1.0333333333366770e+01	9.2027907737560011e-01	2.6790123446596770e+00	
1.0333333333366701e+01	9.2027907737553116e-01	2.6790123440229943e+00	
1.0333333333358622e+01	9.2027907737443781e-01	2.6790123430091448e+00	
1.0333333333339802e+01	9.2027907737191716e-01	2.6790123414264744e+00	
1.0333333333308039e+01	9.2027907736766457e-01	2.6790123389840947e+00	
