1.0333333333337116e+01	9.2027907737047809e-01	2.6790123456795221e+00	
1.0333333333337846e+01	9.2027907737039194e-01	2.6790123456794857e+00	
1.0333333333340676e+01	9.2027907737002290e-01	2.6790123456796402e+00	
1.0333333333345152e+01	9.2027907736943126e-01	2.6790123456799382e+00	
1.0333333333352252e+01	9.2027907736848735e-01	2.6790123456804440e+00	
1.0333333333363537e+01	9.2027907736698222e-01	2.6790123456812682e+00	
1.0333333333381475e+01	9.2027907736458514e-01	2.6790123456825894e+00	
1.0333333333409998e+01	9.2027907736077019e-01	2.6790123456846975e+00	
1.0333333333455354e+01	9.2027907735470160e-01	2.6790123456880539e+00	
1.0333333333527451e+01	9.2027907734505277e-01	2.6790123456933932e+00	
1.0333333333641987e+01	9.2027907732972192e-01	2.6790123457018762e+00	
1.0333333333823814e+01	9.2027907730538205e-01	2.6790123457153441e+00	
1.0333333334112185e+01	9.2027907726677938e-01	2.6790123457367048e+00	
1.0333333334568920e+01	9.2027907720563795e-01	2.6790123457705373e+00	
1.0333333335291083e+01	9.2027907710896251e-01	2.6790123458240300e+00	
1.0333333336430481e+01	9.2027907695643230e-01	2.6790123459084301e+00	
1.0333333338223389e+01	9.2027907671641662e-01	2.6790123460412381e+00	
1.0333333341035516e+01	9.2027907633995798e-01	2.6790123462495439e+00	
1.0333333345429228e+01	9.2027907575177259e-01	2.6790123465750040e+00	
1.0333333352262814e+01	9.2027907483696170e-01	2.6790123470811955e+00	
1.0333333362834979e+01	9.2027907342166726e-01	2.6790123478643184e+00	
1.0333333379091826e+01	9.2027907124536545e-01	2.6790123490685298e+00	
1.0333333403917951e+01	9.2027906792189484e-01	2.6790123509075014e+00	
1.0333333441537572e+01	9.2027906288576089e-01	2.6790123536941404e+00	
1.0333333498054611e+01	9.2027905531983112e-01	2.6790123578805871e+00	
1.0333333582161170e+01	9.2027904406049588e-01	2.6790123641107035e+00	
1.0333333706039102e+01	9.2027902747697177e-01	2.6790123732868465e+00	
1.0333333886466880e+01	9.2027900332312595e-01	2.6790123866518667e+00	
1.0333334146119016e+01	9.2027896856352542e-01	2.6790124058853575e+00	
1.0333334515003472e+01	9.2027891918100879e-01	2.6790124332101315e+00	
1.0333335031918917e+01	9.2027884998160414e-01	2.6790124715001618e+00	
1.0333335745724497e+01	9.2027875442454710e-01	2.6790125243746439e+00	
1.0333336716100789e+01	9.2027862452041198e-01	2.6790125962543581e+00	
1.0333338013350275e+01	9.2027845085782567e-01	2.6790126923468924e+00	
1.0333339716660340e+01	9.2027822283600125e-01	2.6790128185179714e+00	
1.0333341910170402e+01	9.2027792919123474e-01	2.6790129810001320e+00	
1.0333344676204518e+01	9.2027755890285978e-01	2.6790131858914341e+00	
1.0333348085221692e+01	9.2027710253860084e-01	2.6790134384110371e+00	
1.0333352182464882e+01	9.2027655404187025e-01	2.6790137419102371e+00	
1.0333356971991233e+01	9.2027591286963262e-01	2.6790140966895204e+00	
1.0333362399707990e+01	9.2027518626337179e-01	2.6790144987419744e+00	
1.0333368338085547e+01	9.2027439129552768e-01	2.6790149386209263e+00	
1.0333374576119795e+01	9.2027355621320261e-01	2.6790154006964322e+00	
1.0333380818525164e+01	9.2027272054614884e-01	2.6790158630955188e+00	
1.0333386697696833e+01	9.2027193350536762e-01	2.6790162985882886e+00	
1.0333391800433469e+01	9.2027125040573710e-01	2.6790166765673851e+00	
1.0333395708764705e+01	9.2027072720048209e-01	2.6790169660722323e+00	
1.0333398050850553e+01	9.2027041366735662e-01	2.6790171395593312e+00	
1.0333398554564241e+01	9.2027034623561932e-01	2.6790171768713105e+00	
1.0333397094032252e+01	9.2027054175582157e-01	2.6790170686842831e+00	
1.0333393719047733e+01	9.2027099356228703e-01	2.6790168186865886e+00	
1.0333388659463287e+01	9.2027167088502726e-01	2.6790164439041821e+00	
1.0333382301270824e+01	9.2027252205184318e-01	2.6790159729288257e+00	
1.0333375137137500e+01	9.2027348110994178e-01	2.6790154422541339e+00	
1.0333367700106281e+01	9.2027447670131979e-01	2.6790148913645706e+00	
1.0333360493238706e+01	9.2027544148140672e-01	2.6790143575238279e+00	
1.0333353928870517e+01	9.2027632025090234e-01	2.6790138712752585e+00	
1.0333348288510047e+01	9.2027707532422198e-01	2.6790134534713674e+00	
1.0333343709012945e+01	9.2027768838035107e-01	2.6790131142496834e+00	
1.0333340194182881e+01	9.2027815890992337e-01	2.6790128538920248e+00	
1.0333337645335353e+01	9.2027850012368084e-01	2.6790126650884578e+00	
1.0333335901164341e+01	9.2027873361554480e-01	2.6790125358903887e+00	
1.0333334777075038e+01	9.2027888409714009e-01	2.6790124526241024e+00	
1.0333334096540890e+01	9.2027897520002511e-01	2.6790124022134907e+00	
1.0333333710803586e+01	9.2027902683844620e-01	2.6790123736392513e+00	
1.0333333506954194e+01	9.2027905412751754e-01	2.6790123585374475e+00	
1.0333333407042476e+01	9.2027906750245048e-01	2.6790123511334771e+00	
1.0333333361930885e+01	9.2027907354132654e-01	2.6790123477867409e+00	
1.0333333343332768e+01	9.2027907603093750e-01	2.6790123464007287e+00	
1.0333333336417468e+01	9.2027907695674038e-01	2.6790123458750612e+00	
1.0333333334141113e+01	9.2027907726178448e-01	2.6790123456853325e+00	
1.0333333333499128e+01	9.2027907734837566e-01	2.6790123456050727e+00	
1.0333333333355732e+01	9.2027907736861880e-01	2.6790123455438506e+00	
1.0333333333338466e+01	9.2027907737238190e-01	2.6790123454631236e+00	
1.0333333333345152e+01	9.2027907737326442e-01	2.6790123453360035e+00	
1.0333333333353808e+01	9.2027907737401415e-01	2.6790123451279899e+00	
1.0333333333360784e+01	9.2027907737477921e-01	2.6790123447858432e+00	
1.0333333333364662e+01	9.2027907737525427e-01	2.6790123442286107e+00	
1.0333333333363399e+01	9.2027907737507719e-01	2.6790123433376323e+00	
1.0333333333354418e+01	9.2027907737387360e-01	2.6790123419407141e+00	
1.0333333333335137e+01	9.2027907737129211e-01	2.6790123397789620e+00	
