1.0333333333333494e+01	9.2027907737102665e-01	2.6790123456790336e+00	
1.0333333333333526e+01	9.2027907737102299e-01	2.6790123456790322e+00	
1.0333333333333643e+01	9.2027907737100767e-01	2.6790123456790380e+00	
1.0333333333333835e+01	9.2027907737098213e-01	2.6790123456790509e+00	
1.0333333333334139e+01	9.2027907737094194e-01	2.6790123456790722e+00	
1.0333333333334616e+01	9.2027907737087811e-01	2.6790123456791073e+00	
1.0333333333335379e+01	9.2027907737077608e-01	2.6790123456791632e+00	
1.0333333333336594e+01	9.2027907737061365e-01	2.6790123456792534e+00	
1.0333333333338526e+01	9.2027907737035541e-01	2.6790123456793964e+00	
1.0333333333341601e+01	9.2027907736994341e-01	2.6790123456796242e+00	
1.0333333333346497e+01	9.2027907736928816e-01	2.6790123456799866e+00	
1.0333333333354293e+01	9.2027907736824466e-01	2.6790123456805643e+00	
1.0333333333366701e+01	9.2027907736658376e-01	2.6790123456814832e+00	
1.0333333333386456e+01	9.2027907736393921e-01	2.6790123456829469e+00	
1.0333333333417897e+01	9.2027907735972980e-01	2.6790123456852761e+00	
1.0333333333467937e+01	9.2027907735303105e-01	2.6790123456889825e+00	
1.0333333333547561e+01	9.2027907734237180e-01	2.6790123456948800e+00	
1.0333333333674224e+01	9.2027907732541547e-01	2.6790123457042627e+00	
1.0333333333875666e+01	9.2027907729844804e-01	2.6790123457191850e+00	
1.0333333334195913e+01	9.2027907725557678e-01	2.6790123457429069e+00	
1.0333333334704733e+01	9.2027907718746127e-01	2.6790123457805972e+00	
1.0333333335512457e+01	9.2027907707933110e-01	2.6790123458404276e+00	
1.0333333336793091e+01	9.2027907690789301e-01	2.6790123459352899e+00	
1.0333333338820072e+01	9.2027907663654185e-01	2.6790123460854383e+00	
1.0333333342021257e+01	9.2027907620800020e-01	2.6790123463225632e+00	
1.0333333347062693e+01	9.2027907553310440e-01	2.6790123466960010e+00	
1.0333333354974842e+01	9.2027907447390755e-01	2.6790123472820855e+00	
1.0333333367340229e+01	9.2027907281855548e-01	2.6790123481980421e+00	
1.0333333386567871e+01	9.2027907024455435e-01	2.6790123496223144e+00	
1.0333333416286905e+01	9.2027906626607126e-01	2.6790123518237237e+00	
1.0333333461898709e+01	9.2027906016002425e-01	2.6790123552023721e+00	
1.0333333531331947e+01	9.2027905086500306e-01	2.6790123603455731e+00	
1.0333333636046101e+01	9.2027903684692791e-01	2.6790123681021818e+00	
1.0333333792323046e+01	9.2027901592614580e-01	2.6790123796782557e+00	
1.0333334022868508e+01	9.2027898506304451e-01	2.6790123967556929e+00	
1.0333334358709200e+01	9.2027894010408251e-01	2.6790124216327724e+00	
1.0333334841308114e+01	9.2027887549861631e-01	2.6790124573808387e+00	
1.0333335524717501e+01	9.2027878401068242e-01	2.6790125080037628e+00	
1.0333336477433571e+01	9.2027865647071105e-01	2.6790125785753194e+00	
1.0333337783400918e+01	9.2027848164106352e-01	2.6790126753136101e+00	
1.0333339541346444e+01	9.2027824630520660e-01	2.6790128055317468e+00	
1.0333341861344916e+01	9.2027793572748429e-01	2.6790129773834277e+00	
1.0333344857325974e+01	9.2027753465620799e-01	2.6790131993078536e+00	
1.0333348634281181e+01	9.2027702903625375e-01	2.6790134790821054e+00	
1.0333353269417913e+01	9.2027640853199200e-01	2.6790138224251918e+00	
1.0333358787618321e+01	9.2027566981258124e-01	2.6790142311802168e+00	
1.0333365133360907e+01	9.2027482031080776e-01	2.6790147012344510e+00	
1.0333372143566763e+01	9.2027388185810954e-01	2.6790152205078837e+00	
1.0333379528116145e+01	9.2027289329276585e-01	2.6790157675100721e+00	
1.0333386866176221e+01	9.2027191095143246e-01	2.6790163110682741e+00	
1.0333393625967796e+01	9.2027100602293366e-01	2.6790168117916942e+00	
1.0333399212376888e+01	9.2027025817452290e-01	2.6790172255981157e+00	
1.0333403040792128e+01	9.2026974566737874e-01	2.6790175091831889e+00	
1.0333404627725743e+01	9.2026953322536464e-01	2.6790176267331693e+00	
1.0333403681305679e+01	9.2026965992106724e-01	2.6790175566281684e+00	
1.0333400170421697e+01	9.2027012991937118e-01	2.6790172965639369e+00	
1.0333394352640189e+01	9.2027090874052764e-01	2.6790168656192543e+00	
1.0333386748905754e+01	9.2027192664671498e-01	2.6790163023819158e+00	
1.0333378066078051e+01	9.2027308901177085e-01	2.6790156592112484e+00	
1.0333369082740996e+01	9.2027429160763896e-01	2.6790149937800249e+00	
1.0333360524543929e+01	9.2027543729224703e-01	2.6790143598401803e+00	
1.0333352958456162e+01	9.2027645016556492e-01	2.6790137993890526e+00	
1.0333346729273478e+01	9.2027728406948561e-01	2.6790133379660630e+00	
1.0333341948566583e+01	9.2027792406732412e-01	2.6790129838348458e+00	
1.0333338530856350e+01	9.2027838160105435e-01	2.6790127306631581e+00	
1.0333336259709144e+01	9.2027868564312076e-01	2.6790125624176060e+00	
1.0333334861546088e+01	9.2027887281561693e-01	2.6790124588296886e+00	
1.0333334067898612e+01	9.2027897905624179e-01	2.6790124000079651e+00	
1.0333333655117018e+01	9.2027903430276037e-01	2.6790123693810441e+00	
1.0333333460039976e+01	9.2027906039575724e-01	2.6790123548568028e+00	
1.0333333377204530e+01	9.2027907145273657e-01	2.6790123486090160e+00	
1.0333333346078465e+01	9.2027907557808608e-01	2.6790123461226436e+00	
1.0333333335940171e+01	9.2027907688803878e-01	2.6790123450662837e+00	
1.0333333333151515e+01	9.2027907721521240e-01	2.6790123443420151e+00	
1.0333333332529563e+01	9.2027907726416036e-01	2.6790123434356214e+00	
1.0333333332467792e+01	9.2027907726442426e-01	2.6790123420438485e+00	
1.0333333332621518e+01	9.2027907727946412e-01	2.6790123398945118e+00	
1.0333333332995396e+01	9.2027907732671299e-01	2.6790123366547771e+00	
1.0333333333649177e+01	9.2027907741348047e-01	2.6790123318103203e+00	
1.0333333334616533e+01	9.2027907754284788e-01	2.6790123244006483e+00	
1.0333333335875643e+01	9.2027907771139061e-01	2.6790123125362508e+00	
