1.0333333333401630e+01	9.2027907736085324e-01	2.6790123456873776e+00	
1.0333333333426202e+01	9.2027907735784553e-01	2.6790123456874260e+00	
1.0333333333521310e+01	9.2027907734532155e-01	2.6790123456936392e+00	
1.0333333333704667e+01	9.2027907732092895e-01	2.6790123457068367e+00	
1.0333333334054775e+01	9.2027907727417335e-01	2.6790123457325947e+00	
1.0333333334715418e+01	9.2027907718581559e-01	2.6790123457814521e+00	
1.0333333335946170e+01	9.2027907702111500e-01	2.6790123458725827e+00	
1.0333333338208604e+01	9.2027907671828713e-01	2.6790123460401545e+00	
1.0333333342310830e+01	9.2027907616915428e-01	2.6790123463440167e+00	
1.0333333349645265e+01	9.2027907518731689e-01	2.6790123468873053e+00	
1.0333333362572052e+01	9.2027907345682625e-01	2.6790123478448447e+00	
1.0333333385024538e+01	9.2027907045112645e-01	2.6790123495079907e+00	
1.0333333423444740e+01	9.2027906530782655e-01	2.6790123523539315e+00	
1.0333333488195288e+01	9.2027905663968390e-01	2.6790123571502678e+00	
1.0333333595638274e+01	9.2027904225630808e-01	2.6790123651090081e+00	
1.0333333771115063e+01	9.2027901876525364e-01	2.6790123781072879e+00	
1.0333334053094639e+01	9.2027898101668337e-01	2.6790123989946637e+00	
1.0333334498764680e+01	9.2027892135489076e-01	2.6790124320072577e+00	
1.0333335191296207e+01	9.2027882864578525e-01	2.6790124833058861e+00	
1.0333336248888225e+01	9.2027868706608851e-01	2.6790125616460281e+00	
1.0333337835459664e+01	9.2027847467201196e-01	2.6790126791698188e+00	
1.0333340172469699e+01	9.2027816181688504e-01	2.6790128522816286e+00	
1.0333343550796037e+01	9.2027770956103117e-01	2.6790131025279242e+00	
1.0333348340894393e+01	9.2027706831176059e-01	2.6790134573498090e+00	
1.0333354998657702e+01	9.2027617703906672e-01	2.6790139505170139e+00	
1.0333364063611622e+01	9.2027496351729854e-01	2.6790146219941859e+00	
1.0333376145516919e+01	9.2027334611885347e-01	2.6790155169484149e+00	
1.0333391895359465e+01	9.2027123769794250e-01	2.6790166836002514e+00	
1.0333411957389901e+01	9.2026855201126545e-01	2.6790181696709898e+00	
1.0333436900595526e+01	9.2026521289205743e-01	2.6790200173064034e+00	
1.0333467130897944e+01	9.2026116600426211e-01	2.6790222565728121e+00	
1.0333502789395935e+01	9.2025639246455759e-01	2.6790248979195548e+00	
1.0333543646717542e+01	9.2025092298483180e-01	2.6790279243534383e+00	
1.0333589008236929e+01	9.2024485055966854e-01	2.6790312844182189e+00	
1.0333637648446997e+01	9.2023833925025622e-01	2.6790348873340317e+00	
1.0333687793882056e+01	9.2023162646863477e-01	2.6790386017332852e+00	
1.0333737171496054e+01	9.2022501649962241e-01	2.6790422592450929e+00	
1.0333783132650975e+01	9.2021886390168273e-01	2.6790456636801245e+00	
1.0333822852048801e+01	9.2021354687661816e-01	2.6790486057661713e+00	
1.0333853587347171e+01	9.2020943251740539e-01	2.6790508823779104e+00	
1.0333872971225722e+01	9.2020683771351963e-01	2.6790523181695636e+00	
1.0333879296447989e+01	9.2020599099471467e-01	2.6790527866882186e+00	
1.0333871749176621e+01	9.2020700130151767e-01	2.6790522276541986e+00	
1.0333850548799591e+01	9.2020983926904787e-01	2.6790506573171942e+00	
1.0333816964489582e+01	9.2021433500960148e-01	2.6790481696829138e+00	
1.0333773198144668e+01	9.2022019377984765e-01	2.6790449278435187e+00	
1.0333722146625739e+01	9.2022702780468402e-01	2.6790411463681174e+00	
1.0333667078302639e+01	9.2023439957236963e-01	2.6790370673460000e+00	
1.0333611274690227e+01	9.2024186980448131e-01	2.6790329338433527e+00	
1.0333557693531739e+01	9.2024904255711271e-01	2.6790289649475159e+00	
1.0333508703660426e+01	9.2025560071555623e-01	2.6790253361269341e+00	
1.0333465925878238e+01	9.2026132729817078e-01	2.6790221674433154e+00	
1.0333430192022780e+01	9.2026611093898680e-01	2.6790195205181280e+00	
1.0333401611814018e+01	9.2026993694146142e-01	2.6790174034829271e+00	
1.0333379719228198e+01	9.2027286768503214e-01	2.6790157818210205e+00	
1.0333363660605505e+01	9.2027501744381657e-01	2.6790145923010091e+00	
1.0333352386491244e+01	9.2027652670480320e-01	2.6790137571872510e+00	
1.0333344816830834e+01	9.2027754005280504e-01	2.6790131964767250e+00	
1.0333339961323921e+01	9.2027819005818989e-01	2.6790128368143908e+00	
1.0333336989685895e+01	9.2027858787057781e-01	2.6790126166979475e+00	
1.0333335257095673e+01	9.2027881981188875e-01	2.6790124883629916e+00	
1.0333334296447614e+01	9.2027894841342173e-01	2.6790124172091612e+00	
1.0333333790949306e+01	9.2027901608411433e-01	2.6790123797703833e+00	
1.0333333539089036e+01	9.2027904980030828e-01	2.6790123611198879e+00	
1.0333333420580999e+01	9.2027906566464790e-01	2.6790123523476366e+00	
1.0333333368076499e+01	9.2027907269309517e-01	2.6790123484648607e+00	
1.0333333346246887e+01	9.2027907561509226e-01	2.6790123468546487e+00	
1.0333333337762097e+01	9.2027907675061216e-01	2.6790123462333191e+00	
1.0333333334692256e+01	9.2027907716122670e-01	2.6790123460135047e+00	
1.0333333333663210e+01	9.2027907729863245e-01	2.6790123459453019e+00	
1.0333333333345037e+01	9.2027907734086689e-01	2.6790123459302353e+00	
1.0333333333254386e+01	9.2027907735263470e-01	2.6790123459325432e+00	
1.0333333333230177e+01	9.2027907735549941e-01	2.6790123459403410e+00	
1.0333333333223518e+01	9.2027907735600734e-01	2.6790123459500599e+00	
1.0333333333220992e+01	9.2027907735595327e-01	2.6790123459607642e+00	
1.0333333333219308e+01	9.2027907735577785e-01	2.6790123459722777e+00	
1.0333333333217746e+01	9.2027907735557657e-01	2.6790123459846202e+00	
1.0333333333216176e+01	9.2027907735536740e-01	2.6790123459978661e+00	
1.0333333333214572e+01	9.2027907735515302e-01	2.6790123460121049e+00	
1.0333333333212934e+01	9.2027907735493331e-01	2.6790123460274344e+00	
1.0333333333211256e+01	9.2027907735470860e-01	2.6790123460439452e+00	
