1.0333348520224408e+01	9.2027675326570246e-01	2.6790145417370037e+00	
1.0333350022659337e+01	9.2027658545556146e-01	2.6790143356647182e+00	
1.0333356150369156e+01	9.2027579517819025e-01	2.6790145588037846e+00	
1.0333363915246865e+01	9.2027478270363694e-01	2.6790149688616967e+00	
1.0333373619690809e+01	9.2027350779257910e-01	2.6790155714001638e+00	
1.0333385569340615e+01	9.2027192976088446e-01	2.6790163758732528e+00	
1.0333400053415048e+01	9.2027001011128351e-01	2.6790173936220349e+00	
1.0333417319723468e+01	9.2026771587823364e-01	2.6790186354622558e+00	
1.0333437545084985e+01	9.2026502358769180e-01	2.6790201089683725e+00	
1.0333460802690082e+01	9.2026192362627302e-01	2.6790218155950178e+00	
1.0333487028804822e+01	9.2025842469846986e-01	2.6790237478248744e+00	
1.0333515992036556e+01	9.2025455794096145e-01	2.6790258865815790e+00	
1.0333547269011884e+01	9.2025038017850558e-01	2.6790281991864369e+00	
1.0333580230606938e+01	9.2024597576719025e-01	2.6790306381558309e+00	
1.0333614042672414e+01	9.2024145649730948e-01	2.6790331411205122e+00	
1.0333647684408138e+01	9.2023695913362802e-01	2.6790356320900992e+00	
1.0333679986133294e+01	9.2023264035937302e-01	2.6790380241829506e+00	
1.0333709686237114e+01	9.2022866915286905e-01	2.6790402237978697e+00	
1.0333735504759535e+01	9.2022521693832005e-01	2.6790421360327046e+00	
1.0333756228624843e+01	9.2022244617700055e-01	2.6790436709766143e+00	
1.0333770801390413e+01	9.2022049835432074e-01	2.6790447503439472e+00	
1.0333778408854835e+01	9.2021948252130814e-01	2.6790453138062360e+00	
1.0333778551327843e+01	9.2021946562155232e-01	2.6790453243394503e+00	
1.0333771094014512e+01	9.2022046574760819e-01	2.6790447719523267e+00	
1.0333756288850561e+01	9.2022244921866536e-01	2.6790436753015427e+00	
1.0333734764080768e+01	9.2022533197579304e-01	2.6790420809186331e+00	
1.0333707481535530e+01	9.2022898530084751e-01	2.6790400600449527e+00	
1.0333675665417660e+01	9.2023324534891415e-01	2.6790377033568027e+00	
1.0333640709880436e+01	9.2023792551984884e-01	2.6790351141197806e+00	
1.0333604075213442e+01	9.2024283035505972e-01	2.6790324004992940e+00	
1.0333567183650132e+01	9.2024776948530795e-01	2.6790296678429426e+00	
1.0333531325485534e+01	9.2025257019875539e-01	2.6790270117264021e+00	
1.0333497584420085e+01	9.2025708743565326e-01	2.6790245124232603e+00	
1.0333466788145714e+01	9.2026121040416586e-01	2.6790222312444851e+00	
1.0333439486665112e+01	9.2026486548368736e-01	2.6790202089321093e+00	
1.0333415957267993e+01	9.2026801555956661e-01	2.6790184660275176e+00	
1.0333396232029928e+01	9.2027065634258620e-01	2.6790170049081183e+00	
1.0333380141568869e+01	9.2027281051181753e-01	2.6790158130283799e+00	
1.0333367367808977e+01	9.2027452065146798e-01	2.6790148668281675e+00	
1.0333357498657245e+01	9.2027584193149936e-01	2.6790141357828463e+00	
1.0333350078597643e+01	9.2027683533465332e-01	2.6790135861510200e+00	
1.0333344650920640e+01	9.2027756200319188e-01	2.6790131841026934e+00	
1.0333340789254787e+01	9.2027807901775349e-01	2.6790128980550025e+00	
1.0333338117903395e+01	9.2027843667487119e-01	2.6790127001786792e+00	
1.0333336321955713e+01	9.2027867713338996e-01	2.6790125671470633e+00	
1.0333335149100899e+01	9.2027883417164780e-01	2.6790124802704955e+00	
1.0333334405506482e+01	9.2027893373924419e-01	2.6790124251910292e+00	
1.0333333948108065e+01	9.2027899498925103e-01	2.6790123913113106e+00	
1.0333333675325360e+01	9.2027903152108059e-01	2.6790123711068792e+00	
1.0333333517720344e+01	9.2027905263110765e-01	2.6790123594341786e+00	
1.0333333429576909e+01	9.2027906443992780e-01	2.6790123529068368e+00	
1.0333333381903357e+01	9.2027907082912985e-01	2.6790123493773201e+00	
1.0333333356992240e+01	9.2027907416959298e-01	2.6790123475339684e+00	
1.0333333344430550e+01	9.2027907585561763e-01	2.6790123466054530e+00	
1.0333333338325508e+01	9.2027907667631925e-01	2.6790123461552717e+00	
1.0333333335470117e+01	9.2027907706122081e-01	2.6790123459458739e+00	
1.0333333334187252e+01	9.2027907723499902e-01	2.6790123458530304e+00	
1.0333333333634970e+01	9.2027907731049419e-01	2.6790123458143795e+00	
1.0333333333407978e+01	9.2027907734206582e-01	2.6790123457999035e+00	
1.0333333333319455e+01	9.2027907735480385e-01	2.6790123457957664e+00	
1.0333333333287092e+01	9.2027907735979275e-01	2.6790123457958761e+00	
1.0333333333276283e+01	9.2027907736171477e-01	2.6790123457976738e+00	
1.0333333333273206e+01	9.2027907736246117e-01	2.6790123458001407e+00	
1.0333333333272634e+01	9.2027907736276293e-01	2.6790123458028940e+00	
1.0333333333272723e+01	9.2027907736289094e-01	2.6790123458058033e+00	
1.0333333333272872e+01	9.2027907736294501e-01	2.6790123458088293e+00	
1.0333333333272922e+01	9.2027907736296100e-01	2.6790123458119659e+00	
1.0333333333272854e+01	9.2027907736295378e-01	2.6790123458152202e+00	
1.0333333333272675e+01	9.2027907736293024e-01	2.6790123458185984e+00	
1.0333333333272407e+01	9.2027907736289483e-01	2.6790123458221102e+00	
1.0333333333272071e+01	9.2027907736284975e-01	2.6790123458257673e+00	
1.0333333333271680e+01	9.2027907736279757e-01	2.6790123458295776e+00	
1.0333333333271245e+01	9.2027907736273962e-01	2.6790123458335526e+00	
1.0333333333270774e+01	9.2027907736267700e-01	2.6790123458377035e+00	
1.0333333333270280e+01	9.2027907736261028e-01	2.6790123458420432e+00	
1.0333333333269758e+01	9.2027907736254044e-01	2.6790123458465827e+00	
1.0333333333269218e+01	9.2027907736246795e-01	2.6790123458513375e+00	
1.0333333333268660e+01	9.2027907736239345e-01	2.6790123458563224e+00	
1.0333333333268087e+01	9.2027907736231662e-01	2.6790123458615533e+00	
1.0333333333267502e+01	9.2027907736223824e-01	2.6790123458670503e+00	
1.0333333333266905e+01	9.2027907736215819e-01	2.6790123458728301e+00	
