1.0333333333333329e+01	9.2027907737105163e-01	2.6790123456790109e+00	
1.0333333333333332e+01	9.2027907737105097e-01	2.6790123456790123e+00	
1.0333333333333330e+01	9.2027907737105130e-01	2.6790123456790105e+00	
1.0333333333333330e+01	9.2027907737105097e-01	2.6790123456790109e+00	
1.0333333333333332e+01	9.2027907737105064e-01	2.6790123456790158e+00	
1.0333333333333330e+01	9.2027907737105052e-01	2.6790123456790131e+00	
1.0333333333333330e+01	9.2027907737105041e-01	2.6790123456790043e+00	
1.0333333333333329e+01	9.2027907737105030e-01	2.6790123456790136e+00	
1.0333333333333330e+01	9.2027907737105052e-01	2.6790123456790291e+00	
1.0333333333333330e+01	9.2027907737105108e-01	2.6790123456790025e+00	
1.0333333333333337e+01	9.2027907737105208e-01	2.6790123456789812e+00	
1.0333333333333350e+01	9.2027907737105330e-01	2.6790123456790487e+00	
1.0333333333333368e+01	9.2027907737105585e-01	2.6790123456790704e+00	
1.0333333333333393e+01	9.2027907737105941e-01	2.6790123456789168e+00	
1.0333333333333430e+01	9.2027907737106418e-01	2.6790123456789412e+00	
1.0333333333333471e+01	9.2027907737106962e-01	2.6790123456792752e+00	
1.0333333333333506e+01	9.2027907737107439e-01	2.6790123456790891e+00	
1.0333333333333522e+01	9.2027907737107628e-01	2.6790123456784460e+00	
1.0333333333333483e+01	9.2027907737107106e-01	2.6790123456791317e+00	
1.0333333333333348e+01	9.2027907737105286e-01	2.6790123456802393e+00	
1.0333333333333051e+01	9.2027907737101322e-01	2.6790123456782307e+00	
1.0333333333332517e+01	9.2027907737094128e-01	2.6790123456765915e+00	
1.0333333333331664e+01	9.2027907737082737e-01	2.6790123456815649e+00	
1.0333333333330446e+01	9.2027907737066472e-01	2.6790123456828283e+00	
1.0333333333328893e+01	9.2027907737045667e-01	2.6790123456711008e+00	
1.0333333333327184e+01	9.2027907737022796e-01	2.6790123456729673e+00	
1.0333333333325776e+01	9.2027907737003944e-01	2.6790123456974548e+00	
1.0333333333325530e+01	9.2027907737000680e-01	2.6790123456825659e+00	
1.0333333333327886e+01	9.2027907737032211e-01	2.6790123456352117e+00	
1.0333333333334966e+01	9.2027907737126990e-01	2.6790123456886161e+00	
1.0333333333349614e+01	9.2027907737323100e-01	2.6790123457712496e+00	
1.0333333333375156e+01	9.2027907737665016e-01	2.6790123456224566e+00	
1.0333333333414732e+01	9.2027907738194770e-01	2.6790123455110733e+00	
1.0333333333469923e+01	9.2027907738933612e-01	2.6790123458941268e+00	
1.0333333333538384e+01	9.2027907739850123e-01	2.6790123459878092e+00	
1.0333333333610163e+01	9.2027907740811021e-01	2.6790123451249857e+00	
1.0333333333662592e+01	9.2027907741512893e-01	2.6790123453054893e+00	
1.0333333333654004e+01	9.2027907741397930e-01	2.6790123471314815e+00	
1.0333333333517171e+01	9.2027907739566106e-01	2.6790123459542650e+00	
1.0333333333154625e+01	9.2027907734712744e-01	2.6790123424237837e+00	
1.0333333332439762e+01	9.2027907725142843e-01	2.6790123464241766e+00	
1.0333333331229904e+01	9.2027907708946488e-01	2.6790123522797504e+00	
1.0333333329400457e+01	9.2027907684455701e-01	2.6790123407244728e+00	
1.0333333326911720e+01	9.2027907651138985e-01	2.6790123323916002e+00	
1.0333333323921490e+01	9.2027907611108739e-01	2.6790123606703520e+00	
1.0333333320954683e+01	9.2027907571392065e-01	2.6790123661317997e+00	
1.0333333319133176e+01	9.2027907547007570e-01	2.6790123011277691e+00	
1.0333333320450535e+01	9.2027907564642775e-01	2.6790123164822570e+00	
1.0333333328041988e+01	9.2027907666267794e-01	2.6790124526540144e+00	
1.0333333346344537e+01	9.2027907911280038e-01	2.6790123626667195e+00	
1.0333333380961378e+01	9.2027908374690592e-01	2.6790121071273751e+00	
1.0333333437939862e+01	9.2027909137451869e-01	2.6790124217069207e+00	
1.0333333522052664e+01	9.2027910263433343e-01	2.6790128608834931e+00	
1.0333333633564854e+01	9.2027911756159186e-01	2.6790120042589427e+00	
1.0333333762932734e+01	9.2027913487917135e-01	2.6790114346501648e+00	
1.0333333883012950e+01	9.2027915095436452e-01	2.6790135858320325e+00	
1.0333333938791910e+01	9.2027915841955532e-01	2.6790139440223415e+00	
1.0333333835532953e+01	9.2027914458139271e-01	2.6790090914959510e+00	
1.0333333427845492e+01	9.2027908997054264e-01	2.6790103547254969e+00	
1.0333332514877043e+01	9.2027896771417761e-01	2.6790203496869709e+00	
1.0333330850750521e+01	9.2027874485874261e-01	2.6790130949729036e+00	
1.0333328183817425e+01	9.2027838745897106e-01	2.6789938965244580e+00	
1.0333324341862767e+01	9.2027787214052470e-01	2.6790173513493944e+00	
1.0333319384310334e+01	9.2027720724510220e-01	2.6790484761399092e+00	
1.0333313851532148e+01	9.2027646578301669e-01	2.6789826066421152e+00	
1.0333309141485708e+01	9.2027583054217288e-01	2.6789412196911355e+00	
1.0333307991146546e+01	9.2027565152479873e-01	2.6791020656005671e+00	
1.0333314964425115e+01	9.2027651644798836e-01	2.6791237763155840e+00	
1.0333336922380077e+01	9.2027930577169570e-01	2.6787638447223516e+00	
1.0333383669078469e+01	9.2028512394183104e-01	2.6788752148719919e+00	
1.0333468717445459e+01	9.2029501217149257e-01	2.6796275978943433e+00	
1.0333608737221946e+01	9.2030953066650845e-01	2.6790829070012245e+00	
1.0333820269583480e+01	9.2032804778147115e-01	2.6777017299641033e+00	
1.0334120622906491e+01	9.2034650451524613e-01	2.6795374387172770e+00	
1.0334544899914127e+01	9.2035232388539345e-01	2.6818609168794945e+00	
1.0335141912284685e+01	9.2032036403866124e-01	2.6769358994713022e+00	
1.0335831608124815e+01	9.2022597043801990e-01	2.6740976751720580e+00	
1.0336118577174746e+01	9.2008190305033355e-01	2.6863330296511112e+00	
1.0335053252507640e+01	9.1993348631022664e-01	2.6873460306290657e+00	
1.0331899759233862e+01	9.1975260831001637e-01	2.6597124018327789e+00	
1.0327068855969664e+01	9.1937549750144121e-01	2.6685974009107523e+00	
