1.0333543477975020e+01	9.2024650798129159e-01	2.6790454397000416e+00	
1.0333549489696773e+01	9.2024591243786336e-01	2.6790433263169455e+00	
1.0333578673562402e+01	9.2024221267258655e-01	2.6790431172207367e+00	
1.0333607612715859e+01	9.2023854282724227e-01	2.6790431140988766e+00	
1.0333635471710251e+01	9.2023501415404729e-01	2.6790432750088562e+00	
1.0333661358785225e+01	9.2023174548707198e-01	2.6790435396332262e+00	
1.0333684369760812e+01	9.2022885736899407e-01	2.6790438351792916e+00	
1.0333703638228984e+01	9.2022646533336161e-01	2.6790440829474740e+00	
1.0333718388500310e+01	9.2022467281839260e-01	2.6790442050300443e+00	
1.0333727987061025e+01	9.2022356427934437e-01	2.6790441306236215e+00	
1.0333731987992635e+01	9.2022319910889938e-01	2.6790438014924920e+00	
1.0333730167978683e+01	9.2022360695076133e-01	2.6790431762015707e+00	
1.0333722547219026e+01	9.2022478489925952e-01	2.6790422328455237e+00	
1.0333709393738959e+01	9.2022669692113324e-01	2.6790409701274283e+00	
1.0333691210112967e+01	9.2022927563085322e-01	2.6790394067787848e+00	
1.0333668703343443e+01	9.2023242632040103e-01	2.6790375794513772e+00	
1.0333642740334486e+01	9.2023603291702993e-01	2.6790355393379177e+00	
1.0333614292859654e+01	9.2023996534721031e-01	2.6790333478796171e+00	
1.0333584376948590e+01	9.2024408764764121e-01	2.6790310719836943e+00	
1.0333553992075162e+01	9.2024826610287702e-01	2.6790287791948599e+00	
1.0333524065364319e+01	9.2025237671124271e-01	2.6790265332399046e+00	
1.0333495405279590e+01	9.2025631138173558e-01	2.6790243902972803e+00	
1.0333468668025692e+01	9.2025998242891904e-01	2.6790223962434201e+00	
1.0333444338380875e+01	9.2026332513622422e-01	2.6790205850079616e+00	
1.0333422725075183e+01	9.2026629837206420e-01	2.6790189780467033e+00	
1.0333403969364763e+01	9.2026888343942503e-01	2.6790175848294213e+00	
1.0333388064295292e+01	9.2027108149453385e-01	2.6790164041522795e+00	
1.0333374881414986e+01	9.2027290996826938e-01	2.6790154260295878e+00	
1.0333364201433968e+01	9.2027439845933057e-01	2.6790146339002043e+00	
1.0333355745502054e+01	9.2027558454470026e-01	2.6790140068972739e+00	
1.0333349204304563e+01	9.2027650988233300e-01	2.6790135219697500e+00	
1.0333344262929982e+01	9.2027721688002118e-01	2.6790131557007371e+00	
1.0333340620307212e+01	9.2027774609140678e-01	2.6790128857308879e+00	
1.0333338002818097e+01	9.2027813439194150e-01	2.6790126917555739e+00	
1.0333336172366185e+01	9.2027841389719311e-01	2.6790125561150853e+00	
1.0333334929667519e+01	9.2027861152097379e-01	2.6790124640334487e+00	
1.0333334113806098e+01	9.2027874903371232e-01	2.6790124035822647e+00	
1.0333333599181275e+01	9.2027884347015265e-01	2.6790123654525164e+00	
1.0333333290906683e+01	9.2027890774452370e-01	2.6790123426124302e+00	
1.0333333119551043e+01	9.2027895135397275e-01	2.6790123299170792e+00	
1.0333333035892037e+01	9.2027898108040918e-01	2.6790123237192716e+00	
1.0333333006128520e+01	9.2027900163112619e-01	2.6790123215145818e+00	
1.0333333007795266e+01	9.2027901618550789e-01	2.6790123216385560e+00	
1.0333333026465429e+01	9.2027902683640095e-01	2.6790123230223308e+00	
1.0333333053215012e+01	9.2027903492957952e-01	2.6790123250047544e+00	
1.0333333082757481e+01	9.2027904131359362e-01	2.6790123271941666e+00	
1.0333333112126880e+01	9.2027904651626447e-01	2.6790123293708326e+00	
1.0333333139784212e+01	9.2027905086459239e-01	2.6790123314207337e+00	
1.0333333165033777e+01	9.2027905456322023e-01	2.6790123332923281e+00	
1.0333333187656160e+01	9.2027905774394581e-01	2.6790123349693564e+00	
1.0333333207686088e+01	9.2027906049587771e-01	2.6790123364543912e+00	
1.0333333225283035e+01	9.2027906288319483e-01	2.6790123377592439e+00	
1.0333333240659012e+01	9.2027906495527756e-01	2.6790123388996210e+00	
1.0333333254040065e+01	9.2027906675233329e-01	2.6790123398922669e+00	
1.0333333265646944e+01	9.2027906830846051e-01	2.6790123407535344e+00	
1.0333333275686197e+01	9.2027906965331518e-01	2.6790123414987259e+00	
1.0333333284346750e+01	9.2027907081303961e-01	2.6790123421418377e+00	
1.0333333291799166e+01	9.2027907181081481e-01	2.6790123426955050e+00	
1.0333333298196218e+01	9.2027907266722930e-01	2.6790123431710473e+00	
1.0333333303674003e+01	9.2027907340055348e-01	2.6790123435785480e+00	
1.0333333308353261e+01	9.2027907402696973e-01	2.6790123439269524e+00	
1.0333333312340734e+01	9.2027907456077385e-01	2.6790123442241711e+00	
1.0333333315730480e+01	9.2027907501455863e-01	2.6790123444771732e+00	
1.0333333318605121e+01	9.2027907539938714e-01	2.6790123446920808e+00	
1.0333333321037038e+01	9.2027907572494794e-01	2.6790123448742595e+00	
1.0333333323089425e+01	9.2027907599970038e-01	2.6790123450283918e+00	
1.0333333324817316e+01	9.2027907623101246e-01	2.6790123451585606e+00	
1.0333333326268475e+01	9.2027907642527940e-01	2.6790123452683043e+00	
1.0333333327484263e+01	9.2027907658803687e-01	2.6790123453606922e+00	
1.0333333328500375e+01	9.2027907672406373e-01	2.6790123454383714e+00	
1.0333333329347532e+01	9.2027907683747268e-01	2.6790123455036223e+00	
1.0333333330052103e+01	9.2027907693179334e-01	2.6790123455584025e+00	
1.0333333330636647e+01	9.2027907701004652e-01	2.6790123456043871e+00	
1.0333333331120423e+01	9.2027907707480938e-01	2.6790123456430091e+00	
1.0333333331519816e+01	9.2027907712827606e-01	2.6790123456754866e+00	
1.0333333331848726e+01	9.2027907717230706e-01	2.6790123457028558e+00	
1.0333333332118922e+01	9.2027907720847779e-01	2.6790123457259951e+00	
1.0333333332340326e+01	9.2027907723811730e-01	2.6790123457456456e+00	
1.0333333332521295e+01	9.2027907726234359e-01	2.6790123457624344e+00	
1.0333333332668836e+01	9.2027907728209479e-01	2.6790123457768868e+00	
1.0333333332788813e+01	9.2027907729815628e-01	2.6790123457894470e+00	
