1.0333333333335920e+01	9.2027907737066583e-01	2.6790123456793205e+00	
1.0333333333337029e+01	9.2027907737052927e-01	2.6790123456793360e+00	
1.0333333333341365e+01	9.2027907736995673e-01	2.6790123456796282e+00	
1.0333333333350383e+01	9.2027907736875536e-01	2.6790123456802841e+00	
1.0333333333368973e+01	9.2027907736627057e-01	2.6790123456816559e+00	
1.0333333333406866e+01	9.2027907736120051e-01	2.6790123456844599e+00	
1.0333333333483180e+01	9.2027907735098624e-01	2.6790123456901123e+00	
1.0333333333634906e+01	9.2027907733067638e-01	2.6790123457013513e+00	
1.0333333333932606e+01	9.2027907729082414e-01	2.6790123457234025e+00	
1.0333333334508891e+01	9.2027907721367785e-01	2.6790123457660906e+00	
1.0333333335609110e+01	9.2027907706639211e-01	2.6790123458475876e+00	
1.0333333337680109e+01	9.2027907678914822e-01	2.6790123460009956e+00	
1.0333333341522502e+01	9.2027907627476746e-01	2.6790123462856168e+00	
1.0333333348546926e+01	9.2027907533440900e-01	2.6790123468059455e+00	
1.0333333361196258e+01	9.2027907364104433e-01	2.6790123477429324e+00	
1.0333333383626375e+01	9.2027907063832748e-01	2.6790123494044225e+00	
1.0333333422778635e+01	9.2027906539701843e-01	2.6790123523045892e+00	
1.0333333490028766e+01	9.2027905639425123e-01	2.6790123572860809e+00	
1.0333333603656373e+01	9.2027904118293657e-01	2.6790123657029405e+00	
1.0333333792440621e+01	9.2027901591041084e-01	2.6790123796869585e+00	
1.0333334100736419e+01	9.2027897463888886e-01	2.6790124025236839e+00	
1.0333334595399011e+01	9.2027890841846871e-01	2.6790124391653558e+00	
1.0333335374868826e+01	9.2027880407094564e-01	2.6790124969038569e+00	
1.0333336580557994e+01	9.2027864266550663e-01	2.6790125862141556e+00	
1.0333338410343730e+01	9.2027839771237774e-01	2.6790127217538160e+00	
1.0333341133424657e+01	9.2027803317402979e-01	2.6790129234634565e+00	
1.0333345105007455e+01	9.2027750149910936e-01	2.6790132176546422e+00	
1.0333350778283206e+01	9.2027674201922460e-01	2.6790136378969986e+00	
1.0333358710020327e+01	9.2027568020032025e-01	2.6790142254324651e+00	
1.0333369555041033e+01	9.2027422838226625e-01	2.6790150287660826e+00	
1.0333384044172316e+01	9.2027228873077804e-01	2.6790161020326431e+00	
1.0333402940378996e+01	9.2026975911016062e-01	2.6790175017471616e+00	
1.0333426969141595e+01	9.2026654240390726e-01	2.6790192816475416e+00	
1.0333456722105611e+01	9.2026255941337665e-01	2.6790214855573677e+00	
1.0333492537736760e+01	9.2025776483442756e-01	2.6790241385455138e+00	
1.0333534368894735e+01	9.2025216498481854e-01	2.6790272371169510e+00	
1.0333581654060588e+01	9.2024583504184665e-01	2.6790307396744732e+00	
1.0333633215011769e+01	9.2023893273871649e-01	2.6790345589398670e+00	
1.0333687207187486e+01	9.2023170500672569e-01	2.6790385582783602e+00	
1.0333741147903323e+01	9.2022448419577385e-01	2.6790425537897806e+00	
1.0333792040518951e+01	9.2021767145051248e-01	2.6790463235070558e+00	
1.0333836599314955e+01	9.2021170660638274e-01	2.6790496240538633e+00	
1.0333871561516171e+01	9.2020702642185559e-01	2.6790522137564277e+00	
1.0333894052737371e+01	9.2020401566142984e-01	2.6790538797112986e+00	
1.0333901954681760e+01	9.2020295787839645e-01	2.6790544650191852e+00	
1.0333894214201255e+01	9.2020399404695652e-01	2.6790538916752640e+00	
1.0333871034873821e+01	9.2020709691916436e-01	2.6790521747581448e+00	
1.0333833907683795e+01	9.2021206691712143e-01	2.6790494247024199e+00	
1.0333785464398881e+01	9.2021855175672695e-01	2.6790458364396814e+00	
1.0333729170528565e+01	9.2022608754409663e-01	2.6790416666581023e+00	
1.0333668906625750e+01	9.2023415481931270e-01	2.6790372027914295e+00	
1.0333608509101570e+01	9.2024224002227428e-01	2.6790327290080325e+00	
1.0333551348667029e+01	9.2024989192484408e-01	2.6790284949854937e+00	
1.0333500014029001e+01	9.2025676397584544e-01	2.6790246924801404e+00	
1.0333456143390499e+01	9.2026263686153098e-01	2.6790214428439696e+00	
1.0333420413486511e+01	9.2026741997718431e-01	2.6790187962105647e+00	
1.0333392664055832e+01	9.2027113476709455e-01	2.6790167407136796e+00	
1.0333372112669766e+01	9.2027388596710924e-01	2.6790152183995994e+00	
1.0333357605364901e+01	9.2027582805286701e-01	2.6790141437922816e+00	
1.0333347852883810e+01	9.2027713361392871e-01	2.6790134213928281e+00	
1.0333341616942281e+01	9.2027796841756548e-01	2.6790129594773711e+00	
1.0333337830028903e+01	9.2027847537060381e-01	2.6790126789714281e+00	
1.0333335649972042e+01	9.2027876721412416e-01	2.6790125174921129e+00	
1.0333334462800909e+01	9.2027892614019635e-01	2.6790124295601965e+00	
1.0333333852789625e+01	9.2027900780195371e-01	2.6790123843812190e+00	
1.0333333557876134e+01	9.2027904728160093e-01	2.6790123625432134e+00	
1.0333333424169442e+01	9.2027906518050451e-01	2.6790123526468790e+00	
1.0333333367536200e+01	9.2027907276158538e-01	2.6790123484601533e+00	
1.0333333345223039e+01	9.2027907574823176e-01	2.6790123468161617e+00	
1.0333333337086348e+01	9.2027907683706611e-01	2.6790123462228270e+00	
1.0333333334355828e+01	9.2027907720216684e-01	2.6790123460305488e+00	
1.0333333333517857e+01	9.2027907731390257e-01	2.6790123459791158e+00	
1.0333333333283948e+01	9.2027907734476189e-01	2.6790123459731467e+00	
1.0333333333224386e+01	9.2027907735227088e-01	2.6790123459808832e+00	
1.0333333333209854e+01	9.2027907735374048e-01	2.6790123459928239e+00	
1.0333333333205584e+01	9.2027907735382486e-01	2.6790123460064854e+00	
1.0333333333203315e+01	9.2027907735362890e-01	2.6790123460213562e+00	
1.0333333333201347e+01	9.2027907735338044e-01	2.6790123460374180e+00	
1.0333333333199382e+01	9.2027907735311898e-01	2.6790123460547561e+00	
1.0333333333197372e+01	9.2027907735285031e-01	2.6790123460734470e+00	
1.0333333333195313e+01	9.2027907735257430e-01	2.6790123460934967e+00	
