1.0333650779492956e+01	9.2022964212587433e-01	2.6790639506741107e+00	
1.0333653942604329e+01	9.2022938375359609e-01	2.6790618147983181e+00	
1.0333673167381843e+01	9.2022698293620908e-01	2.6790607221490288e+00	
1.0333688532166676e+01	9.2022510577885863e-01	2.6790592871083994e+00	
1.0333699431213955e+01	9.2022383259931773e-01	2.6790575458204846e+00	
1.0333705406816556e+01	9.2022322388331312e-01	2.6790555330611912e+00	
1.0333706181665033e+01	9.2022331595922324e-01	2.6790532826958167e+00	
1.0333701680860711e+01	9.2022411805687931e-01	2.6790508286661150e+00	
1.0333692041249828e+01	9.2022561106393796e-01	2.6790482061569127e+00	
1.0333677606816003e+01	9.2022774814786046e-01	2.6790454526010170e+00	
1.0333658910131136e+01	9.2023045724404284e-01	2.6790426082442691e+00	
1.0333636641168516e+01	9.2023364523517792e-01	2.6790397160937469e+00	
1.0333611605986828e+01	9.2023720348631577e-01	2.6790368211928159e+00	
1.0333584678741788e+01	9.2024101427276950e-01	2.6790339692854612e+00	
1.0333556751062419e+01	9.2024495756058733e-01	2.6790312050314320e+00	
1.0333528682967742e+01	9.2024891758055216e-01	2.6790285699996703e+00	
1.0333501259188324e+01	9.2025278867841753e-01	2.6790261006937404e+00	
1.0333475154043885e+01	9.2025648001946747e-01	2.6790238268494524e+00	
1.0333450907015685e+01	9.2025991886105696e-01	2.6790217701978372e+00	
1.0333428909978105e+01	9.2026305226394745e-01	2.6790199438164852e+00	
1.0333409405870059e+01	9.2026584727175376e-01	2.6790183521118096e+00	
1.0333392497537082e+01	9.2026828972836350e-01	2.6790169913967725e+00	
1.0333378164673135e+01	9.2027038201053923e-01	2.6790158509638151e+00	
1.0333366286307713e+01	9.2027214001768642e-01	2.6790149145084645e+00	
1.0333356666138764e+01	9.2027358978017060e-01	2.6790141617386927e+00	
1.0333349058177948e+01	9.2027476402539876e-01	2.6790135700078883e+00	
1.0333343190585692e+01	9.2027569898583661e-01	2.6790131158311739e+00	
1.0333338786141118e+01	9.2027643165718576e-01	2.6790127761798250e+00	
1.0333335578419824e+01	9.2027699763084680e-01	2.6790125294895790e+00	
1.0333333323354159e+01	9.2027742954428460e-01	2.6790123563593333e+00	
1.0333331806358226e+01	9.2027775612492946e-01	2.6790122399517813e+00	
1.0333330845572416e+01	9.2027800175338770e-01	2.6790121661336888e+00	
1.0333330292005446e+01	9.2027818644184090e-01	2.6790121234093980e+00	
1.0333330027434842e+01	9.2027832611242788e-01	2.6790121027072389e+00	
1.0333329960894947e+01	9.2027843306464230e-01	2.6790120970764093e+00	
1.0333330024469813e+01	9.2027851653575288e-01	2.6790121013441102e+00	
1.0333330168952449e+01	9.2027858327910605e-01	2.6790121117716765e+00	
1.0333330359763915e+01	9.2027863810767696e-01	2.6790121257365964e+00	
1.0333330573369393e+01	9.2027868437113280e-01	2.6790121414561456e+00	
1.0333330794299204e+01	9.2027872435199853e-01	2.6790121577593022e+00	
1.0333331012786809e+01	9.2027875957932004e-01	2.6790121739067780e+00	
1.0333331222973499e+01	9.2027879106658994e-01	2.6790121894547143e+00	
1.0333331421595789e+01	9.2027881948518053e-01	2.6790122041552737e+00	
1.0333331607060158e+01	9.2027884528608050e-01	2.6790122178866946e+00	
1.0333331778813003e+01	9.2027886878226139e-01	2.6790122306057174e+00	
1.0333331936925616e+01	9.2027889020243081e-01	2.6790122423162757e+00	
1.0333332081829310e+01	9.2027890972485327e-01	2.6790122530495233e+00	
1.0333332214151369e+01	9.2027892749784712e-01	2.6790122628514568e+00	
1.0333332334616221e+01	9.2027894365172180e-01	2.6790122717754672e+00	
1.0333332443987382e+01	9.2027895830542839e-01	2.6790122798779548e+00	
1.0333332543034009e+01	9.2027897157008121e-01	2.6790122872158060e+00	
1.0333332632511928e+01	9.2027898355070203e-01	2.6790122938449592e+00	
1.0333332713152934e+01	9.2027899434700677e-01	2.6790122998195933e+00	
1.0333332785658790e+01	9.2027900405371155e-01	2.6790123051916774e+00	
1.0333332850697845e+01	9.2027901276061697e-01	2.6790123100107111e+00	
1.0333332908903220e+01	9.2027902055261246e-01	2.6790123143235900e+00	
1.0333332960871871e+01	9.2027902750966739e-01	2.6790123181745304e+00	
1.0333333007164354e+01	9.2027903370684316e-01	2.6790123216050556e+00	
1.0333333048304967e+01	9.2027903921433429e-01	2.6790123246540043e+00	
1.0333333084782257e+01	9.2027904409754568e-01	2.6790123273575666e+00	
1.0333333117049815e+01	9.2027904841720065e-01	2.6790123297493413e+00	
1.0333333145527291e+01	9.2027905222947715e-01	2.6790123318604184e+00	
1.0333333170601588e+01	9.2027905558616996e-01	2.6790123337194580e+00	
1.0333333192628194e+01	9.2027905853486969e-01	2.6790123353527941e+00	
1.0333333211932679e+01	9.2027906111915936e-01	2.6790123367845466e+00	
1.0333333228812212e+01	9.2027906337881993e-01	2.6790123380367299e+00	
1.0333333243537149e+01	9.2027906535004644e-01	2.6790123391293714e+00	
1.0333333256352718e+01	9.2027906706566531e-01	2.6790123400806416e+00	
1.0333333267480606e+01	9.2027906855535435e-01	2.6790123409069628e+00	
1.0333333277120628e+01	9.2027906984586261e-01	2.6790123416231402e+00	
1.0333333285452314e+01	9.2027907096122463e-01	2.6790123422424745e+00	
1.0333333292636500e+01	9.2027907192297043e-01	2.6790123427768839e+00	
1.0333333298816816e+01	9.2027907275032861e-01	2.6790123432370110e+00	
1.0333333304121169e+01	9.2027907346042181e-01	2.6790123436323343e+00	
1.0333333308663118e+01	9.2027907406845211e-01	2.6790123439712699e+00	
1.0333333312543180e+01	9.2027907458787572e-01	2.6790123442612672e+00	
1.0333333315850091e+01	9.2027907503057138e-01	2.6790123445089060e+00	
1.0333333318661937e+01	9.2027907540699294e-01	2.6790123447199741e+00	
1.0333333321047252e+01	9.2027907572631495e-01	2.6790123448995540e+00	
1.0333333323066011e+01	9.2027907599656578e-01	2.6790123450520937e+00	
1.0333333324770544e+01	9.2027907622475169e-01	2.6790123451814760e+00	
