1.0333334115192509e+01	9.2027895869771392e-01	2.6790124526173926e+00	
1.0333334243699456e+01	9.2027894376731822e-01	2.6790124433237081e+00	
1.0333334744097572e+01	9.2027887870914060e-01	2.6790124685425392e+00	
1.0333335470689983e+01	9.2027878307466082e-01	2.6790125150128179e+00	
1.0333336513588046e+01	9.2027864484207467e-01	2.6790125877688933e+00	
1.0333337991174204e+01	9.2027844819982318e-01	2.6790126945093542e+00	
1.0333340055664650e+01	9.2027817280244661e-01	2.6790128458231650e+00	
1.0333342898296227e+01	9.2027779307671376e-01	2.6790130554434213e+00	
1.0333346753342617e+01	9.2027727768444445e-01	2.6790133404554899e+00	
1.0333351899909612e+01	9.2027658928262146e-01	2.6790137213701501e+00	
1.0333358660233420e+01	9.2027568475162036e-01	2.6790142219583126e+00	
1.0333367393063899e+01	9.2027451608140309e-01	2.6790148687356625e+00	
1.0333378480723198e+01	9.2027303210436784e-01	2.6790156899881286e+00	
1.0333392308660690e+01	9.2027118123269780e-01	2.6790167142475636e+00	
1.0333409236839957e+01	9.2026891528912436e-01	2.6790179681662414e+00	
1.0333429563129551e+01	9.2026619440808100e-01	2.6790194738014539e+00	
1.0333453480017537e+01	9.2026299283051538e-01	2.6790212454070734e+00	
1.0333481027356651e+01	9.2025930522994803e-01	2.6790232859320113e+00	
1.0333512045323063e+01	9.2025515300974947e-01	2.6790255835350960e+00	
1.0333546133112840e+01	9.2025058983212049e-01	2.6790281085253524e+00	
1.0333582619824986e+01	9.2024570551545903e-01	2.6790308112052537e+00	
1.0333620554191077e+01	9.2024062740862211e-01	2.6790336211101735e+00	
1.0333658719051369e+01	9.2023551845239193e-01	2.6790364480809696e+00	
1.0333695674598060e+01	9.2023057139009778e-01	2.6790391854674205e+00	
1.0333729831433935e+01	9.2022599898726221e-01	2.6790417155400430e+00	
1.0333759550674932e+01	9.2022202063146408e-01	2.6790439169049103e+00	
1.0333783264128867e+01	9.2021884624522754e-01	2.6790456734052861e+00	
1.0333799603663053e+01	9.2021665896931593e-01	2.6790468837036543e+00	
1.0333807525966680e+01	9.2021559846275924e-01	2.6790474705224718e+00	
1.0333806417700357e+01	9.2021574682827179e-01	2.6790473884321435e+00	
1.0333796166974089e+01	9.2021711904467685e-01	2.6790466291450761e+00	
1.0333777190327243e+01	9.2021965935535177e-01	2.6790452235139917e+00	
1.0333750409595924e+01	9.2022324436421410e-01	2.6790432398186943e+00	
1.0333717179523452e+01	9.2022769272486127e-01	2.6790407784046164e+00	
1.0333679173667088e+01	9.2023278041212242e-01	2.6790379632324681e+00	
1.0333638241926810e+01	9.2023825979257901e-01	2.6790349313258370e+00	
1.0333596256833591e+01	9.2024388020033920e-01	2.6790318213859603e+00	
1.0333554966888494e+01	9.2024940756968221e-01	2.6790287629284184e+00	
1.0333515873545757e+01	9.2025464090330256e-01	2.6790258671708340e+00	
1.0333480144237948e+01	9.2025942391626425e-01	2.6790232205900169e+00	
1.0333448567979779e+01	9.2026365098031593e-01	2.6790208816328787e+00	
1.0333421553678308e+01	9.2026726735117748e-01	2.6790188805907467e+00	
1.0333399165478749e+01	9.2027026443768600e-01	2.6790172222171185e+00	
1.0333381185237524e+01	9.2027267143912772e-01	2.6790158903549957e+00	
1.0333367190091082e+01	9.2027454496139038e-01	2.6790148536825704e+00	
1.0333356633161527e+01	9.2027595821294461e-01	2.6790140716913879e+00	
1.0333348917352149e+01	9.2027699112573957e-01	2.6790135001527404e+00	
1.0333343455280700e+01	9.2027772233176819e-01	2.6790130955572451e+00	
1.0333339711905781e+01	9.2027822345651111e-01	2.6790128182724420e+00	
1.0333337229621145e+01	9.2027855575943096e-01	2.6790126344016980e+00	
1.0333335638030681e+01	9.2027876882529935e-01	2.6790125165083256e+00	
1.0333334652046116e+01	9.2027890081880093e-01	2.6790124434747069e+00	
1.0333334062396323e+01	9.2027897975501682e-01	2.6790123997992903e+00	
1.0333333722311183e+01	9.2027902528203975e-01	2.6790123746102252e+00	
1.0333333533341797e+01	9.2027905057921033e-01	2.6790123606150056e+00	
1.0333333432300090e+01	9.2027906410550864e-01	2.6790123531330385e+00	
1.0333333380376846e+01	9.2027907105632067e-01	2.6790123492895730e+00	
1.0333333354769220e+01	9.2027907448425972e-01	2.6790123473955125e+00	
1.0333333342667103e+01	9.2027907610421500e-01	2.6790123465019673e+00	
1.0333333337195466e+01	9.2027907683654597e-01	2.6790123460996811e+00	
1.0333333334833034e+01	9.2027907715264490e-01	2.6790123459278248e+00	
1.0333333333860812e+01	9.2027907728263392e-01	2.6790123458590731e+00	
1.0333333333480153e+01	9.2027907733342795e-01	2.6790123458342734e+00	
1.0333333333338535e+01	9.2027907735221859e-01	2.6790123458273203e+00	
1.0333333333288426e+01	9.2027907735875580e-01	2.6790123458272945e+00	
1.0333333333271414e+01	9.2027907736086034e-01	2.6790123458298791e+00	
1.0333333333265665e+01	9.2027907736145353e-01	2.6790123458334643e+00	
1.0333333333263516e+01	9.2027907736156223e-01	2.6790123458374948e+00	
1.0333333333262434e+01	9.2027907736152492e-01	2.6790123458417949e+00	
1.0333333333261644e+01	9.2027907736144587e-01	2.6790123458463184e+00	
1.0333333333260915e+01	9.2027907736135517e-01	2.6790123458510622e+00	
1.0333333333260196e+01	9.2027907736126036e-01	2.6790123458560369e+00	
1.0333333333259469e+01	9.2027907736116332e-01	2.6790123458612580e+00	
1.0333333333258730e+01	9.2027907736106451e-01	2.6790123458667416e+00	
1.0333333333257983e+01	9.2027907736096404e-01	2.6790123458725090e+00	
1.0333333333257219e+01	9.2027907736086201e-01	2.6790123458785793e+00	
1.0333333333256444e+01	9.2027907736075798e-01	2.6790123458849768e+00	
1.0333333333255654e+01	9.2027907736065218e-01	2.6790123458917265e+00	
1.0333333333254851e+01	9.2027907736054448e-01	2.6790123458988577e+00	
1.0333333333254034e+01	9.2027907736043513e-01	2.6790123459064019e+00	
1.0333333333253201e+01	9.2027907736032366e-01	2.6790123459143929e+00	
