1.0333333344807107e+01	9.2027907562963007e-01	2.6790123472477170e+00	
1.0333333346701753e+01	9.2027907540940335e-01	2.6790123471122032e+00	
1.0333333354072471e+01	9.2027907445102608e-01	2.6790123474848704e+00	
1.0333333364780236e+01	9.2027907304155054e-01	2.6790123481706911e+00	
1.0333333380135180e+01	9.2027907100620321e-01	2.6790123492424867e+00	
1.0333333401829165e+01	9.2027906811903348e-01	2.6790123508098436e+00	
1.0333333431983188e+01	9.2027906409657545e-01	2.6790123530198389e+00	
1.0333333473167009e+01	9.2027905859522618e-01	2.6790123560565307e+00	
1.0333333528370623e+01	9.2027905121506826e-01	2.6790123601375124e+00	
1.0333333600903048e+01	9.2027904151343176e-01	2.6790123655055340e+00	
1.0333333694191751e+01	9.2027902903174541e-01	2.6790123724130628e+00	
1.0333333811458290e+01	9.2027901333896400e-01	2.6790123810978907e+00	
1.0333333955253817e+01	9.2027899409375979e-01	2.6790123917485009e+00	
1.0333334126853858e+01	9.2027897112554025e-01	2.6790124044590877e+00	
1.0333334325536436e+01	9.2027894453109549e-01	2.6790124191760079e+00	
1.0333334547799405e+01	9.2027891477937573e-01	2.6790124356397507e+00	
1.0333334786609599e+01	9.2027888281200720e-01	2.6790124533292849e+00	
1.0333335030811813e+01	9.2027885012241983e-01	2.6790124714182704e+00	
1.0333335264851128e+01	9.2027881879301732e-01	2.6790124887544731e+00	
1.0333335468968860e+01	9.2027879146894920e-01	2.6790125038742771e+00	
1.0333335620010152e+01	9.2027877125000090e-01	2.6790125150625030e+00	
1.0333335692924285e+01	9.2027876148974797e-01	2.6790125204635382e+00	
1.0333335662946544e+01	9.2027876550347210e-01	2.6790125182429572e+00	
1.0333335508330528e+01	9.2027878620238768e-01	2.6790125067899160e+00	
1.0333335213369141e+01	9.2027882568922470e-01	2.6790124849409245e+00	
1.0333334771325406e+01	9.2027888486588028e-01	2.6790124521969463e+00	
1.0333334186819654e+01	9.2027896311384882e-01	2.6790124089002272e+00	
1.0333333477213351e+01	9.2027905810896737e-01	2.6790123563367993e+00	
1.0333332672609407e+01	9.2027916582137514e-01	2.6790122967365071e+00	
1.0333331814254844e+01	9.2027928072934828e-01	2.6790122331546855e+00	
1.0333330951365991e+01	9.2027939624430810e-01	2.6790121692369864e+00	
1.0333330136661122e+01	9.2027950530886882e-01	2.6790121088884673e+00	
1.0333329421130227e+01	9.2027960109700713e-01	2.6790120558861665e+00	
1.0333328848743477e+01	9.2027967772243979e-01	2.6790120134871360e+00	
1.0333328451856129e+01	9.2027973085377091e-01	2.6790119840880644e+00	
1.0333328247987369e+01	9.2027975814570695e-01	2.6790119689866700e+00	
1.0333328238442396e+01	9.2027975942352169e-01	2.6790119682796361e+00	
1.0333328408948349e+01	9.2027973659792395e-01	2.6790119809097126e+00	
1.0333328732144770e+01	9.2027969333165782e-01	2.6790120048501973e+00	
1.0333329171475066e+01	9.2027963451855466e-01	2.6790120373931923e+00	
1.0333329685825486e+01	9.2027956566251279e-01	2.6790120754932341e+00	
1.0333330234188869e+01	9.2027949225315830e-01	2.6790121161127538e+00	
1.0333330779697448e+01	9.2027941922597800e-01	2.6790121565208072e+00	
1.0333331292547275e+01	9.2027935057082344e-01	2.6790121945096939e+00	
1.0333331751579699e+01	9.2027928912020140e-01	2.6790122285121036e+00	
1.0333332144535927e+01	9.2027923651519417e-01	2.6790122576199757e+00	
1.0333332467208370e+01	9.2027919331907138e-01	2.6790122815216360e+00	
1.0333332721842812e+01	9.2027915923118897e-01	2.6790123003834427e+00	
1.0333332915186851e+01	9.2027913334824640e-01	2.6790123147052247e+00	
1.0333333056542115e+01	9.2027911442503540e-01	2.6790123251759956e+00	
1.0333333156085660e+01	9.2027910109915412e-01	2.6790123325496054e+00	
1.0333333223610708e+01	9.2027909205958602e-01	2.6790123375514665e+00	
1.0333333267727028e+01	9.2027908615374077e-01	2.6790123408193285e+00	
1.0333333295477136e+01	9.2027908243883860e-01	2.6790123428748687e+00	
1.0333333312274290e+01	9.2027908019020721e-01	2.6790123441190912e+00	
1.0333333322051592e+01	9.2027907888132210e-01	2.6790123448433580e+00	
1.0333333327519949e+01	9.2027907814927534e-01	2.6790123452484704e+00	
1.0333333330455755e+01	9.2027907775626028e-01	2.6790123454659742e+00	
1.0333333331967037e+01	9.2027907755394611e-01	2.6790123455778985e+00	
1.0333333332712037e+01	9.2027907745421356e-01	2.6790123456330002e+00	
1.0333333333063225e+01	9.2027907740720138e-01	2.6790123456589354e+00	
1.0333333333221271e+01	9.2027907738604398e-01	2.6790123456706612e+00	
1.0333333333289055e+01	9.2027907737697034e-01	2.6790123456758312e+00	
1.0333333333316700e+01	9.2027907737326931e-01	2.6790123456780575e+00	
1.0333333333327401e+01	9.2027907737183678e-01	2.6790123456788724e+00	
1.0333333333331318e+01	9.2027907737131187e-01	2.6790123456789257e+00	
1.0333333333332670e+01	9.2027907737113013e-01	2.6790123456786668e+00	
1.0333333333333108e+01	9.2027907737107051e-01	2.6790123456785651e+00	
1.0333333333333234e+01	9.2027907737105186e-01	2.6790123456789323e+00	
1.0333333333333270e+01	9.2027907737104597e-01	2.6790123456796335e+00	
1.0333333333333274e+01	9.2027907737104397e-01	2.6790123456800528e+00	
1.0333333333333270e+01	9.2027907737104298e-01	2.6790123456795709e+00	
1.0333333333333266e+01	9.2027907737104220e-01	2.6790123456782697e+00	
1.0333333333333266e+01	9.2027907737104209e-01	2.6790123456771950e+00	
1.0333333333333268e+01	9.2027907737104242e-01	2.6790123456776662e+00	
1.0333333333333275e+01	9.2027907737104309e-01	2.6790123456799217e+00	
1.0333333333333286e+01	9.2027907737104497e-01	2.6790123456822856e+00	
1.0333333333333302e+01	9.2027907737104742e-01	2.6790123456820933e+00	
1.0333333333333330e+01	9.2027907737105086e-01	2.6790123456782036e+00	
1.0333333333333362e+01	9.2027907737105497e-01	2.6790123456730623e+00	
1.0333333333333401e+01	9.2027907737106018e-01	2.6790123456717576e+00	
