1.0333333333333556e+01	9.2027907737101855e-01	2.6790123456790282e+00	
1.0333333333333549e+01	9.2027907737102188e-01	2.6790123456790020e+00	
1.0333333333333675e+01	9.2027907737100734e-01	2.6790123456790096e+00	
1.0333333333333712e+01	9.2027907737100467e-01	2.6790123456790473e+00	
1.0333333333333744e+01	9.2027907737100378e-01	2.6790123456790993e+00	
1.0333333333333837e+01	9.2027907737099435e-01	2.6790123456791193e+00	
1.0333333333334030e+01	9.2027907737097125e-01	2.6790123456790762e+00	
1.0333333333334325e+01	9.2027907737093406e-01	2.6790123456789985e+00	
1.0333333333334711e+01	9.2027907737088410e-01	2.6790123456789758e+00	
1.0333333333335203e+01	9.2027907737081804e-01	2.6790123456790926e+00	
1.0333333333335851e+01	9.2027907737072867e-01	2.6790123456793271e+00	
1.0333333333336755e+01	9.2027907737060299e-01	2.6790123456795318e+00	
1.0333333333338032e+01	9.2027907737042458e-01	2.6790123456795327e+00	
1.0333333333339828e+01	9.2027907737017278e-01	2.6790123456793271e+00	
1.0333333333342354e+01	9.2027907736982018e-01	2.6790123456791912e+00	
1.0333333333345966e+01	9.2027907736931902e-01	2.6790123456795247e+00	
1.0333333333351368e+01	9.2027907736857617e-01	2.6790123456805053e+00	
1.0333333333359937e+01	9.2027907736740822e-01	2.6790123456818389e+00	
1.0333333333374277e+01	9.2027907736546888e-01	2.6790123456829873e+00	
1.0333333333399066e+01	9.2027907736213366e-01	2.6790123456838830e+00	
1.0333333333442466e+01	9.2027907735631409e-01	2.6790123456856736e+00	
1.0333333333518466e+01	9.2027907734613967e-01	2.6790123456907611e+00	
1.0333333333651220e+01	9.2027907732838132e-01	2.6790123457020032e+00	
1.0333333333882909e+01	9.2027907729739589e-01	2.6790123457219268e+00	
1.0333333334287921e+01	9.2027907724322733e-01	2.6790123457536019e+00	
1.0333333334997297e+01	9.2027907714833734e-01	2.6790123458042796e+00	
1.0333333336239001e+01	9.2027907698220734e-01	2.6790123458911466e+00	
1.0333333338401664e+01	9.2027907669281062e-01	2.6790123460471280e+00	
1.0333333342131947e+01	9.2027907619357363e-01	2.6790123463253681e+00	
1.0333333348479291e+01	9.2027907534399989e-01	2.6790123468045701e+00	
1.0333333359105731e+01	9.2027907392158081e-01	2.6790123476012497e+00	
1.0333333376580590e+01	9.2027907158234523e-01	2.6790123488951654e+00	
1.0333333404775296e+01	9.2027906780800461e-01	2.6790123509685202e+00	
1.0333333449353418e+01	9.2027906184035502e-01	2.6790123542505193e+00	
1.0333333518304574e+01	9.2027905260980025e-01	2.6790123593532393e+00	
1.0333333622389770e+01	9.2027903867574024e-01	2.6790123670870640e+00	
1.0333333775251710e+01	9.2027901821180447e-01	2.6790123784502096e+00	
1.0333333992820224e+01	9.2027898908545169e-01	2.6790123945855533e+00	
1.0333334291561490e+01	9.2027894909234975e-01	2.6790124166803602e+00	
1.0333334685157856e+01	9.2027889640085347e-01	2.6790124457595557e+00	
1.0333335179447547e+01	9.2027883022942858e-01	2.6790124823204393e+00	
1.0333335765952441e+01	9.2027875171309281e-01	2.6790125258070927e+00	
1.0333336415046272e+01	9.2027866481799103e-01	2.6790125740262307e+00	
1.0333337070607859e+01	9.2027857705716642e-01	2.6790126227133837e+00	
1.0333337648575059e+01	9.2027849968414188e-01	2.6790126654918773e+00	
1.0333338041803815e+01	9.2027844704243478e-01	2.6790126943810018e+00	
1.0333338132740019e+01	9.2027843486917060e-01	2.6790127008389781e+00	
1.0333337813558099e+01	9.2027847759912307e-01	2.6790126771741694e+00	
1.0333337010913358e+01	9.2027858505110971e-01	2.6790126181097795e+00	
1.0333335710003951e+01	9.2027875920679558e-01	2.6790125223175685e+00	
1.0333333971200533e+01	9.2027899198445806e-01	2.6790123937136876e+00	
1.0333331932946576e+01	9.2027926485067779e-01	2.6790122421379601e+00	
1.0333329797326892e+01	9.2027955075223677e-01	2.6790120828281614e+00	
1.0333327799198978e+01	9.2027981824846028e-01	2.6790119341795302e+00	
1.0333326164803598e+01	9.2028003705198569e-01	2.6790118139203960e+00	
1.0333325069575245e+01	9.2028018367666875e-01	2.6790117348719211e+00	
1.0333324605914319e+01	9.2028024575193168e-01	2.6790117021715334e+00	
1.0333324769305205e+01	9.2028022388116937e-01	2.6790117133952367e+00	
1.0333325465988263e+01	9.2028013061475200e-01	2.6790117613007638e+00	
1.0333326539166169e+01	9.2027998694185675e-01	2.6790118370254321e+00	
1.0333327805645105e+01	9.2027981738542497e-01	2.6790119312416873e+00	
1.0333329092618884e+01	9.2027964507801907e-01	2.6790120328323459e+00	
1.0333330265562601e+01	9.2027948802789261e-01	2.6790121277338170e+00	
1.0333331242118662e+01	9.2027935726028720e-01	2.6790122016496567e+00	
1.0333331991719527e+01	9.2027925686817347e-01	2.6790122472214355e+00	
1.0333332524670121e+01	9.2027918547401855e-01	2.6790122705923469e+00	
1.0333332876329804e+01	9.2027913834753816e-01	2.6790122895041404e+00	
1.0333333091721803e+01	9.2027910946616265e-01	2.6790123199940847e+00	
1.0333333214057189e+01	9.2027909305135946e-01	2.6790123598874174e+00	
1.0333333278366307e+01	9.2027908442107920e-01	2.6790123851489280e+00	
1.0333333309600453e+01	9.2027908024358074e-01	2.6790123690558429e+00	
1.0333333323642304e+01	9.2027907840164647e-01	2.6790123137004476e+00	
1.0333333329594957e+01	9.2027907768537343e-01	2.6790122642550731e+00	
1.0333333332166893e+01	9.2027907747186566e-01	2.6790122810234274e+00	
1.0333333333551144e+01	9.2027907747238680e-01	2.6790123794826974e+00	
1.0333333334656798e+01	9.2027907756601146e-01	2.6790124900892400e+00	
1.0333333335801759e+01	9.2027907770527073e-01	2.6790124937249757e+00	
1.0333333337050480e+01	9.2027907786933516e-01	2.6790123314599068e+00	
1.0333333338356132e+01	9.2027907804354858e-01	2.6790121022763005e+00	
1.0333333339611723e+01	9.2027907821154886e-01	2.6790120317545649e+00	
1.0333333340666325e+01	9.2027907835271849e-01	2.6790122811184234e+00	
