1.0333333333882422e+01	9.2027907727451086e-01	2.6790123458447832e+00	
1.0333333333701963e+01	9.2027907729135916e-01	2.6790123458230961e+00	
1.0333333333016519e+01	9.2027907737631420e-01	2.6790123456272177e+00	
1.0333333332690884e+01	9.2027907741452175e-01	2.6790123454156936e+00	
1.0333333332785468e+01	9.2027907739900616e-01	2.6790123453839545e+00	
1.0333333333087761e+01	9.2027907735947101e-01	2.6790123456364929e+00	
1.0333333333347117e+01	9.2027907733079295e-01	2.6790123460315303e+00	
1.0333333333445708e+01	9.2027907733001668e-01	2.6790123462086046e+00	
1.0333333333423955e+01	9.2027907735279801e-01	2.6790123458723474e+00	
1.0333333333398363e+01	9.2027907738420900e-01	2.6790123451523487e+00	
1.0333333333461812e+01	9.2027907741186799e-01	2.6790123446736396e+00	
1.0333333333633590e+01	9.2027907743239079e-01	2.6790123451066084e+00	
1.0333333333870938e+01	9.2027907744960780e-01	2.6790123464348143e+00	
1.0333333334111755e+01	9.2027907746864401e-01	2.6790123476232042e+00	
1.0333333334310295e+01	9.2027907749099214e-01	2.6790123472682295e+00	
1.0333333334446429e+01	9.2027907751322791e-01	2.6790123449977097e+00	
1.0333333334512774e+01	9.2027907752882954e-01	2.6790123424186754e+00	
1.0333333334496372e+01	9.2027907753091198e-01	2.6790123423067080e+00	
1.0333333334369273e+01	9.2027907751399274e-01	2.6790123460542463e+00	
1.0333333334092067e+01	9.2027907747428017e-01	2.6790123513793822e+00	
1.0333333333625564e+01	9.2027907740914039e-01	2.6790123530282131e+00	
1.0333333332943125e+01	9.2027907731673242e-01	2.6790123472096488e+00	
1.0333333332039073e+01	9.2027907719639412e-01	2.6790123366457808e+00	
1.0333333330932954e+01	9.2027907704971634e-01	2.6790123308234697e+00	
1.0333333329672088e+01	9.2027907688186839e-01	2.6790123387004372e+00	
1.0333333328334563e+01	9.2027907670270281e-01	2.6790123582720580e+00	
1.0333333327032877e+01	9.2027907652740160e-01	2.6790123732277542e+00	
1.0333333325916563e+01	9.2027907637661599e-01	2.6790123641285395e+00	
1.0333333325171695e+01	9.2027907627609762e-01	2.6790123288718064e+00	
1.0333333325015628e+01	9.2027907625573035e-01	2.6790122939852781e+00	
1.0333333325686310e+01	9.2027907634777117e-01	2.6790122992289369e+00	
1.0333333327425764e+01	9.2027907658412511e-01	2.6790123592834734e+00	
1.0333333330456620e+01	9.2027907699267808e-01	2.6790124342431341e+00	
1.0333333334949717e+01	9.2027907759297178e-01	2.6790124469116621e+00	
1.0333333340980886e+01	9.2027907839171652e-01	2.6790123512835859e+00	
1.0333333348477495e+01	9.2027907937854414e-01	2.6790122007574375e+00	
1.0333333357161058e+01	9.2027908052196739e-01	2.6790121385338912e+00	
1.0333333366499753e+01	9.2027908176481998e-01	2.6790122811694412e+00	
1.0333333375690358e+01	9.2027908301803796e-01	2.6790125726068301e+00	
1.0333333383686321e+01	9.2027908415232351e-01	2.6790127591749378e+00	
1.0333333389271928e+01	9.2027908498971611e-01	2.6790125759894394e+00	
1.0333333391152840e+01	9.2027908530116387e-01	2.6790120416918470e+00	
1.0333333388005794e+01	9.2027908481979881e-01	2.6790115826513654e+00	
1.0333333378432076e+01	9.2027908327904451e-01	2.6790117582010704e+00	
1.0333333360819552e+01	9.2027908047597928e-01	2.6790126940191792e+00	
1.0333333333241796e+01	9.2027907634283335e-01	2.6790137169002590e+00	
1.0333333293665540e+01	9.2027907098902573e-01	2.6790137086935788e+00	
1.0333333240792641e+01	9.2027906466703480e-01	2.6790121467657184e+00	
1.0333333175684343e+01	9.2027905763722073e-01	2.6790100025696999e+00	
1.0333333103801493e+01	9.2027904997319498e-01	2.6790094059329603e+00	
1.0333333036333086e+01	9.2027904144886152e-01	2.6790118228858875e+00	
1.0333332989104639e+01	9.2027903172378434e-01	2.6790160521641573e+00	
1.0333332977715946e+01	9.2027902099389725e-01	2.6790182207145739e+00	
1.0333333009581004e+01	9.2027901100272524e-01	2.6790148087231440e+00	
1.0333333077187907e+01	9.2027900582050404e-01	2.6790068255085142e+00	
1.0333333160594433e+01	9.2027901130534251e-01	2.6790009878395593e+00	
1.0333333247754851e+01	9.2027903208705031e-01	2.6790050263531509e+00	
1.0333333375165076e+01	9.2027906573871765e-01	2.6790194351556806e+00	
1.0333333677051478e+01	9.2027909571936783e-01	2.6790332032182622e+00	
1.0333334412535290e+01	9.2027908719800022e-01	2.6790304159371341e+00	
1.0333335927415984e+01	9.2027899159510174e-01	2.6790058136190575e+00	
1.0333338516139255e+01	9.2027876449938284e-01	2.6789762418185039e+00	
1.0333342193019995e+01	9.2027839581064552e-01	2.6789728846846517e+00	
1.0333346455361308e+01	9.2027794112864858e-01	2.6790132314135473e+00	
1.0333350189278873e+01	9.2027753429782688e-01	2.6790741768923860e+00	
1.0333351870278424e+01	9.2027736085410816e-01	2.6790973522720618e+00	
1.0333350095602562e+01	9.2027758750698774e-01	2.6790371971404436e+00	
1.0333344275268200e+01	9.2027827091864833e-01	2.6789191680658169e+00	
1.0333335123221040e+01	9.2027929389161989e-01	2.6788472199746440e+00	
1.0333324592445459e+01	9.2028037668859597e-01	2.6789261182732163e+00	
1.0333315164067608e+01	9.2028117540219145e-01	2.6791430869427031e+00	
1.0333308806076403e+01	9.2028142493648690e-01	2.6793220731210843e+00	
1.0333306175522608e+01	9.2028104971879376e-01	2.6792398389326411e+00	
1.0333306519846376e+01	9.2028018101331399e-01	2.6788553574292164e+00	
1.0333308292214975e+01	9.2027907827100985e-01	2.6784498200191340e+00	
1.0333310056043810e+01	9.2027801053349245e-01	2.6784724856313140e+00	
1.0333311140070585e+01	9.2027716935016324e-01	2.6791174724770510e+00	
1.0333311768060558e+01	9.2027664979546187e-01	2.6799725777334111e+00	
1.0333312771889291e+01	9.2027648471800716e-01	2.6801746122345635e+00	
1.0333315190221450e+01	9.2027669101002452e-01	2.6791589453202507e+00	
1.0333319974546470e+01	9.2027729664221247e-01	2.6774554770664052e+00	
