1.0333333324334742e+01	9.2027907891553029e-01	2.6790123432395383e+00	
1.0333333327222086e+01	9.2027907862212077e-01	2.6790123437810345e+00	
1.0333333336709311e+01	9.2027907743380866e-01	2.6790123466195537e+00	
1.0333333341803081e+01	9.2027907680924592e-01	2.6790123494448297e+00	
1.0333333341042996e+01	9.2027907692863764e-01	2.6790123495309994e+00	
1.0333333336992224e+01	9.2027907743205573e-01	2.6790123457234638e+00	
1.0333333333131804e+01	9.2027907783643870e-01	2.6790123403876875e+00	
1.0333333331346415e+01	9.2027907787389862e-01	2.6790123386023499e+00	
1.0333333331332666e+01	9.2027907757315386e-01	2.6790123439634734e+00	
1.0333333331585619e+01	9.2027907713012047e-01	2.6790123538738677e+00	
1.0333333330777371e+01	9.2027907672634068e-01	2.6790123593342798e+00	
1.0333333328541002e+01	9.2027907642713291e-01	2.6790123518106634e+00	
1.0333333325404821e+01	9.2027907619332505e-01	2.6790123330847262e+00	
1.0333333322237866e+01	9.2027907595787339e-01	2.6790123184937493e+00	
1.0333333319732045e+01	9.2027907569657275e-01	2.6790123265026127e+00	
1.0333333318225574e+01	9.2027907545155285e-01	2.6790123594069204e+00	
1.0333333317845046e+01	9.2027907531002917e-01	2.6790123924850566e+00	
1.0333333318750457e+01	9.2027907536664810e-01	2.6790123882274544e+00	
1.0333333321277738e+01	9.2027907569644685e-01	2.6790123323631394e+00	
1.0333333325905505e+01	9.2027907634794337e-01	2.6790122619951457e+00	
1.0333333333100654e+01	9.2027907734896497e-01	2.6790122498773088e+00	
1.0333333343144947e+01	9.2027907871184023e-01	2.6790123401728456e+00	
1.0333333356013121e+01	9.2027908042922868e-01	2.6790124836933673e+00	
1.0333333371312674e+01	9.2027908246051315e-01	2.6790125458286118e+00	
1.0333333388254919e+01	9.2027908471469122e-01	2.6790124154517008e+00	
1.0333333405625590e+01	9.2027908703651640e-01	2.6790121430161458e+00	
1.0333333421748298e+01	9.2027908919988999e-01	2.6790119661104730e+00	
1.0333333434461805e+01	9.2027909090929805e-01	2.6790121357330734e+00	
1.0333333441144630e+01	9.2027909180867917e-01	2.6790126381871882e+00	
1.0333333438816245e+01	9.2027909149768594e-01	2.6790130746305225e+00	
1.0333333424330457e+01	9.2027908955668403e-01	2.6790129158512319e+00	
1.0333333394663127e+01	9.2027908558265992e-01	2.6790120356778662e+00	
1.0333333347288153e+01	9.2027907923774988e-01	2.6790110606957658e+00	
1.0333333280631138e+01	9.2027907031037748e-01	2.6790110452111042e+00	
1.0333333194586189e+01	9.2027905878653948e-01	2.6790124941712086e+00	
1.0333333091072944e+01	9.2027904492624113e-01	2.6790145083082133e+00	
1.0333332974595637e+01	9.2027902933800843e-01	2.6790150843046074e+00	
1.0333332852745086e+01	9.2027901304281068e-01	2.6790128219916447e+00	
1.0333332736562479e+01	9.2027899751738196e-01	2.6790088232002911e+00	
1.0333332640665176e+01	9.2027898470568659e-01	2.6790067258335473e+00	
1.0333332583019750e+01	9.2027897698686012e-01	2.6790098778803042e+00	
1.0333332584237578e+01	9.2027897708904438e-01	2.6790173908956780e+00	
1.0333332666277482e+01	9.2027898793978613e-01	2.6790229762171225e+00	
1.0333332850498905e+01	9.2027901244158306e-01	2.6790193122167567e+00	
1.0333333155126134e+01	9.2027905315513225e-01	2.6790058244939998e+00	
1.0333333592303141e+01	9.2027911187172806e-01	2.6789928005422490e+00	
1.0333334164931559e+01	9.2027918907535688e-01	2.6789952891053708e+00	
1.0333334863348968e+01	9.2027928333897624e-01	2.6790184671122592e+00	
1.0333335661751457e+01	9.2027939074778853e-01	2.6790466998929650e+00	
1.0333336514309073e+01	9.2027950446384754e-01	2.6790506024057552e+00	
1.0333337351226708e+01	9.2027961453451634e-01	2.6790133282640554e+00	
1.0333338075425212e+01	9.2027970802252124e-01	2.6789561156528667e+00	
1.0333338561084041e+01	9.2027976948643397e-01	2.6789337130116482e+00	
1.0333338656387951e+01	9.2027978169644498e-01	2.6789894378475019e+00	
1.0333338194329496e+01	9.2027972623734289e-01	2.6791001555749099e+00	
1.0333337015251114e+01	9.2027958362536766e-01	2.6791684105223630e+00	
1.0333334999652894e+01	9.2027933322050870e-01	2.6790948724766919e+00	
1.0333332099704020e+01	9.2027895452287978e-01	2.6788901251364448e+00	
1.0333328350680016e+01	9.2027843226713069e-01	2.6787189975472367e+00	
1.0333323850774526e+01	9.2027776647261117e-01	2.6787926031399718e+00	
1.0333318721544785e+01	9.2027698512360057e-01	2.6791526798255765e+00	
1.0333313086366688e+01	9.2027615373579952e-01	2.6795372901844283e+00	
1.0333307111710001e+01	9.2027537520347980e-01	2.6795219967295134e+00	
1.0333301145920352e+01	9.2027477448458661e-01	2.6789185987768689e+00	
1.0333295971160549e+01	9.2027446439411431e-01	2.6781100635397967e+00	
1.0333293126023035e+01	9.2027449584948195e-01	2.6779078536218743e+00	
1.0333295097101693e+01	9.2027481805902478e-01	2.6788521094375000e+00	
1.0333304968335820e+01	9.2027530450256023e-01	2.6804613201357048e+00	
1.0333325158261861e+01	9.2027589597292614e-01	2.6812506395685007e+00	
1.0333355501528052e+01	9.2027682477806527e-01	2.6799031654221315e+00	
1.0333391945825021e+01	9.2027874344235228e-01	2.6768588483016695e+00	
1.0333427567659882e+01	9.2028252749438533e-01	2.6747050423719614e+00	
1.0333456346730994e+01	9.2028870967049714e-01	2.6763363256488120e+00	
1.0333477378021476e+01	9.2029688168015644e-01	2.6818603383840580e+00	
1.0333495552552376e+01	9.2030558964060249e-01	2.6870214340458989e+00	
1.0333517010019394e+01	9.2031291107546609e-01	2.6857420754654497e+00	
1.0333542386133468e+01	9.2031730496508279e-01	2.6761975391802144e+00	
1.0333563311122040e+01	9.2031808265646931e-01	2.6650592062144138e+00	
1.0333565358879747e+01	9.2031516935876001e-01	2.6640466796833278e+00	
1.0333535029874469e+01	9.2030845189813726e-01	2.6795143936694448e+00	
1.0333464107054432e+01	9.2029735142884905e-01	2.7027027761686884e+00	
