1.0333333413977066e+01	9.2027906506518131e-01	2.6790123571142610e+00	
1.0333333423556949e+01	9.2027906398049386e-01	2.6790123560271266e+00	
1.0333333461865408e+01	9.2027905902713958e-01	2.6790123576221649e+00	
1.0333333512277664e+01	9.2027905243280272e-01	2.6790123605120133e+00	
1.0333333577503058e+01	9.2027904383678993e-01	2.6790123647792758e+00	
1.0333333660319934e+01	9.2027903286904200e-01	2.6790123705427837e+00	
1.0333333763323084e+01	9.2027901918394039e-01	2.6790123779322950e+00	
1.0333333888569795e+01	9.2027900250769468e-01	2.6790123870563880e+00	
1.0333334037124777e+01	9.2027898269925867e-01	2.6790123979638398e+00	
1.0333334208520986e+01	9.2027895982251740e-01	2.6790124105998014e+00	
1.0333334400174291e+01	9.2027893422464757e-01	2.6790124247594700e+00	
1.0333334606814439e+01	9.2027890661230183e-01	2.6790124400437647e+00	
1.0333334820018253e+01	9.2027887811410369e-01	2.6790124558231954e+00	
1.0333335027949458e+01	9.2027885031548340e-01	2.6790124712175061e+00	
1.0333335215416266e+01	9.2027882525097704e-01	2.6790124850992139e+00	
1.0333335364347626e+01	9.2027880534047823e-01	2.6790124961283985e+00	
1.0333335454757126e+01	9.2027879326020590e-01	2.6790125028237837e+00	
1.0333335466208800e+01	9.2027879174648619e-01	2.6790125036711174e+00	
1.0333335379724472e+01	9.2027880334042300e-01	2.6790124972643263e+00	
1.0333335179986499e+01	9.2027883009302236e-01	2.6790124824686048e+00	
1.0333334857606108e+01	9.2027887326153979e-01	2.6790124585883932e+00	
1.0333334411162898e+01	9.2027893303645381e-01	2.6790124255184184e+00	
1.0333333848692922e+01	9.2027900834226839e-01	2.6790123838539133e+00	
1.0333333188324525e+01	9.2027909675239095e-01	2.6790123349376973e+00	
1.0333332457839671e+01	9.2027919454786722e-01	2.6790122808276822e+00	
1.0333331693068621e+01	9.2027929693228605e-01	2.6790122241779555e+00	
1.0333330935192235e+01	9.2027939839292505e-01	2.6790121680389474e+00	
1.0333330227201735e+01	9.2027949317468349e-01	2.6790121155951914e+00	
1.0333329609918588e+01	9.2027957581290498e-01	2.6790120698704993e+00	
1.0333329118075561e+01	9.2027964165800824e-01	2.6790120334376706e+00	
1.0333328776980281e+01	9.2027968732213949e-01	2.6790120081713438e+00	
1.0333328600215383e+01	9.2027971098705774e-01	2.6790119950776430e+00	
1.0333328588682551e+01	9.2027971253210861e-01	2.6790119942233583e+00	
1.0333328731096453e+01	9.2027969346810479e-01	2.6790120047725390e+00	
1.0333329005815452e+01	9.2027965669225109e-01	2.6790120251221015e+00	
1.0333329383700512e+01	9.2027960610542026e-01	2.6790120531135964e+00	
1.0333329831557496e+01	9.2027954615133756e-01	2.6790120862881972e+00	
1.0333330315664147e+01	9.2027948134442106e-01	2.6790121221479581e+00	
1.0333330804916642e+01	9.2027941584855555e-01	2.6790121583888915e+00	
1.0333331273238409e+01	9.2027935315462461e-01	2.6790121930793993e+00	
1.0333331701048882e+01	9.2027929588388835e-01	2.6790122247690697e+00	
1.0333332075758079e+01	9.2027924572177533e-01	2.6790122525253102e+00	
1.0333332391401399e+01	9.2027920346677383e-01	2.6790122759062989e+00	
1.0333332647633762e+01	9.2027916916508479e-01	2.6790122948864754e+00	
1.0333332848351326e+01	9.2027914229513552e-01	2.6790123097544445e+00	
1.0333333000203957e+01	9.2027912196671224e-01	2.6790123210027894e+00	
1.0333333111214658e+01	9.2027910710578020e-01	2.6790123292258063e+00	
1.0333333189651036e+01	9.2027909660555807e-01	2.6790123350359099e+00	
1.0333333243217554e+01	9.2027908943465231e-01	2.6790123390038003e+00	
1.0333333278570871e+01	9.2027908470193898e-01	2.6790123416225642e+00	
1.0333333301113310e+01	9.2027908168421046e-01	2.6790123432923747e+00	
1.0333333314994331e+01	9.2027907982597967e-01	2.6790123443205998e+00	
1.0333333323244362e+01	9.2027907872156611e-01	2.6790123449317176e+00	
1.0333333327973879e+01	9.2027907808844023e-01	2.6790123452820560e+00	
1.0333333330587068e+01	9.2027907773862427e-01	2.6790123454756256e+00	
1.0333333331977453e+01	9.2027907755250316e-01	2.6790123455786143e+00	
1.0333333332689117e+01	9.2027907745724036e-01	2.6790123456313260e+00	
1.0333333333039155e+01	9.2027907741038750e-01	2.6790123456572563e+00	
1.0333333333204394e+01	9.2027907738827275e-01	2.6790123456695052e+00	
1.0333333333279153e+01	9.2027907737826897e-01	2.6790123456750554e+00	
1.0333333333311527e+01	9.2027907737393921e-01	2.6790123456774588e+00	
1.0333333333324921e+01	9.2027907737214920e-01	2.6790123456784416e+00	
1.0333333333330209e+01	9.2027907737144432e-01	2.6790123456788142e+00	
1.0333333333332199e+01	9.2027907737118053e-01	2.6790123456789519e+00	
1.0333333333332913e+01	9.2027907737108727e-01	2.6790123456790220e+00	
1.0333333333333158e+01	9.2027907737105630e-01	2.6790123456790806e+00	
1.0333333333333240e+01	9.2027907737104708e-01	2.6790123456791188e+00	
1.0333333333333266e+01	9.2027907737104464e-01	2.6790123456791055e+00	
1.0333333333333281e+01	9.2027907737104442e-01	2.6790123456790398e+00	
1.0333333333333286e+01	9.2027907737104486e-01	2.6790123456789718e+00	
1.0333333333333290e+01	9.2027907737104508e-01	2.6790123456789812e+00	
1.0333333333333291e+01	9.2027907737104553e-01	2.6790123456790980e+00	
1.0333333333333293e+01	9.2027907737104597e-01	2.6790123456792463e+00	
1.0333333333333295e+01	9.2027907737104631e-01	2.6790123456792720e+00	
1.0333333333333295e+01	9.2027907737104619e-01	2.6790123456790829e+00	
1.0333333333333295e+01	9.2027907737104653e-01	2.6790123456787773e+00	
1.0333333333333295e+01	9.2027907737104597e-01	2.6790123456786348e+00	
1.0333333333333293e+01	9.2027907737104575e-01	2.6790123456788879e+00	
1.0333333333333290e+01	9.2027907737104542e-01	2.6790123456794332e+00	
1.0333333333333288e+01	9.2027907737104508e-01	2.6790123456797756e+00	
1.0333333333333284e+01	9.2027907737104475e-01	2.6790123456793862e+00	
