1.0333333333336288e+01	9.2027907737060011e-01	2.6790123456794324e+00	
1.0333333333336682e+01	9.2027907737055459e-01	2.6790123456793999e+00	
1.0333333333338254e+01	9.2027907737034975e-01	2.6790123456794750e+00	
1.0333333333340644e+01	9.2027907737003523e-01	2.6790123456796233e+00	
1.0333333333344381e+01	9.2027907736953940e-01	2.6790123456798796e+00	
1.0333333333350406e+01	9.2027907736873693e-01	2.6790123456803112e+00	
1.0333333333360359e+01	9.2027907736740788e-01	2.6790123456810369e+00	
1.0333333333377121e+01	9.2027907736516701e-01	2.6790123456822710e+00	
1.0333333333405715e+01	9.2027907736134162e-01	2.6790123456843853e+00	
1.0333333333454854e+01	9.2027907735476566e-01	2.6790123456880242e+00	
1.0333333333539535e+01	9.2027907734343106e-01	2.6790123456942956e+00	
1.0333333333685337e+01	9.2027907732391423e-01	2.6790123457050918e+00	
1.0333333333935453e+01	9.2027907729043246e-01	2.6790123457236130e+00	
1.0333333334362003e+01	9.2027907723333191e-01	2.6790123457552055e+00	
1.0333333335083793e+01	9.2027907713670720e-01	2.6790123458086730e+00	
1.0333333336293641e+01	9.2027907697474542e-01	2.6790123458982986e+00	
1.0333333338299241e+01	9.2027907670625719e-01	2.6790123460468696e+00	
1.0333333341582456e+01	9.2027907626673455e-01	2.6790123462900692e+00	
1.0333333346882613e+01	9.2027907555720390e-01	2.6790123466826592e+00	
1.0333333355308913e+01	9.2027907442917700e-01	2.6790123473068124e+00	
1.0333333368485000e+01	9.2027907266529696e-01	2.6790123482828165e+00	
1.0333333388723759e+01	9.2027906995593745e-01	2.6790123497820058e+00	
1.0333333419220853e+01	9.2027906587329644e-01	2.6790123520410845e+00	
1.0333333464240310e+01	9.2027905984654845e-01	2.6790123553758733e+00	
1.0333333529244181e+01	9.2027905114448905e-01	2.6790123601909412e+00	
1.0333333620892144e+01	9.2027903887558815e-01	2.6790123669796122e+00	
1.0333333746810634e+01	9.2027902201889533e-01	2.6790123763068654e+00	
1.0333333915013560e+01	9.2027899950159076e-01	2.6790123887663846e+00	
1.0333334132860168e+01	9.2027897033849204e-01	2.6790124049032933e+00	
1.0333334405475837e+01	9.2027893384346593e-01	2.6790124250971501e+00	
1.0333334733650815e+01	9.2027888991072160e-01	2.6790124494063625e+00	
1.0333335111375135e+01	9.2027883934481403e-01	2.6790124773857218e+00	
1.0333335523352829e+01	9.2027878419341180e-01	2.6790125079023497e+00	
1.0333335943031896e+01	9.2027872801102906e-01	2.6790125389896895e+00	
1.0333336331831431e+01	9.2027867596248536e-01	2.6790125677900125e+00	
1.0333336640274466e+01	9.2027863467125459e-01	2.6790125906381306e+00	
1.0333336811577821e+01	9.2027861173889280e-01	2.6790126033273931e+00	
1.0333336787874345e+01	9.2027861491206586e-01	2.6790126015710158e+00	
1.0333336518670377e+01	9.2027865095035355e-01	2.6790125816290127e+00	
1.0333335970468637e+01	9.2027872433803459e-01	2.6790125410209997e+00	
1.0333335135879199e+01	9.2027883606440586e-01	2.6790124792003773e+00	
1.0333334040198890e+01	9.2027898274299058e-01	2.6790123980407272e+00	
1.0333332743539914e+01	9.2027915632658652e-01	2.6790123019932444e+00	
1.0333331337215927e+01	9.2027934459105309e-01	2.6790121978201302e+00	
1.0333329934188395e+01	9.2027953241425331e-01	2.6790120938888204e+00	
1.0333328654714853e+01	9.2027970369731948e-01	2.6790119991098478e+00	
1.0333327609583124e+01	9.2027984360908455e-01	2.6790119216933790e+00	
1.0333326884095214e+01	9.2027994073016472e-01	2.6790118679592485e+00	
1.0333326526008580e+01	9.2027998866726035e-01	2.6790118414411155e+00	
1.0333326539877454e+01	9.2027998681068990e-01	2.6790118424691545e+00	
1.0333326888830285e+01	9.2027994009644065e-01	2.6790118683082000e+00	
1.0333327503145076e+01	9.2027985785819111e-01	2.6790119137990893e+00	
1.0333328293505105e+01	9.2027975205276324e-01	2.6790119723392101e+00	
1.0333329165936471e+01	9.2027963526043166e-01	2.6790120369778445e+00	
1.0333330035355617e+01	9.2027951887131954e-01	2.6790121014063724e+00	
1.0333330835345206e+01	9.2027941177669892e-01	2.6790121606809323e+00	
1.0333331522960961e+01	9.2027931972550725e-01	2.6790122115965871e+00	
1.0333332078663423e+01	9.2027924533347993e-01	2.6790122527094531e+00	
1.0333332502501531e+01	9.2027918859406188e-01	2.6790122840640906e+00	
1.0333332808219293e+01	9.2027914766734531e-01	2.6790123067297249e+00	
1.0333333016970467e+01	9.2027911972148968e-01	2.6790123222818663e+00	
1.0333333151931436e+01	9.2027910165389482e-01	2.6790123323717006e+00	
1.0333333234512054e+01	9.2027909059845736e-01	2.6790123384817921e+00	
1.0333333282291226e+01	9.2027908420193305e-01	2.6790123418710601e+00	
1.0333333308394442e+01	9.2027908070726794e-01	2.6790123436085551e+00	
1.0333333321836502e+01	9.2027907890771377e-01	2.6790123445608240e+00	
1.0333333328346921e+01	9.2027907803633013e-01	2.6790123452797947e+00	
1.0333333331305356e+01	9.2027907764075179e-01	2.6790123458908064e+00	
1.0333333332563850e+01	9.2027907747310989e-01	2.6790123461658517e+00	
1.0333333333064875e+01	9.2027907740728265e-01	2.6790123458605946e+00	
1.0333333333253091e+01	9.2027907738376646e-01	2.6790123451275880e+00	
1.0333333333322411e+01	9.2027907737658465e-01	2.6790123446213392e+00	
1.0333333333350595e+01	9.2027907737526049e-01	2.6790123450487489e+00	
1.0333333333365919e+01	9.2027907737587811e-01	2.6790123464093978e+00	
1.0333333333377308e+01	9.2027907737703918e-01	2.6790123476392833e+00	
1.0333333333386658e+01	9.2027907737820935e-01	2.6790123472748335e+00	
1.0333333333393442e+01	9.2027907737910086e-01	2.6790123449099008e+00	
1.0333333333396254e+01	9.2027907737947479e-01	2.6790123422004228e+00	
1.0333333333393369e+01	9.2027907737908787e-01	2.6790123420446879e+00	
1.0333333333382965e+01	9.2027907737769510e-01	2.6790123459324970e+00	
1.0333333333363335e+01	9.2027907737506742e-01	2.6790123515302953e+00	
