1.0333333334313441e+01	9.2027907722294633e-01	2.6790123458091477e+00	
1.0333333334520395e+01	9.2027907719843449e-01	2.6790123458001349e+00	
1.0333333335316793e+01	9.2027907709442791e-01	2.6790123458450039e+00	
1.0333333336581326e+01	9.2027907692726829e-01	2.6790123459305453e+00	
1.0333333338570881e+01	9.2027907666265218e-01	2.6790123460732684e+00	
1.0333333341665472e+01	9.2027907624977900e-01	2.6790123462998450e+00	
1.0333333346416630e+01	9.2027907561487488e-01	2.6790123466502704e+00	
1.0333333353608415e+01	9.2027907465302694e-01	2.6790123471821303e+00	
1.0333333364330576e+01	9.2027907321839120e-01	2.6790123479758656e+00	
1.0333333380060772e+01	9.2027907111318596e-01	2.6790123491407738e+00	
1.0333333402748581e+01	9.2027906807645055e-01	2.6790123508211794e+00	
1.0333333434888239e+01	9.2027906377430235e-01	2.6790123532017889e+00	
1.0333333479560100e+01	9.2027905779439423e-01	2.6790123565107504e+00	
1.0333333540412676e+01	9.2027904964831453e-01	2.6790123610183074e+00	
1.0333333621550175e+01	9.2027903878664596e-01	2.6790123670284651e+00	
1.0333333727285945e+01	9.2027902463197020e-01	2.6790123748607262e+00	
1.0333333861724043e+01	9.2027900663488571e-01	2.6790123848190914e+00	
1.0333334028141895e+01	9.2027898435665012e-01	2.6790123971463307e+00	
1.0333334228170457e+01	9.2027895757893363e-01	2.6790124119632548e+00	
1.0333334460805343e+01	9.2027892643619658e-01	2.6790124291954638e+00	
1.0333334721332537e+01	9.2027889155950748e-01	2.6790124484937703e+00	
1.0333335000309576e+01	9.2027885421293065e-01	2.6790124691587320e+00	
1.0333335282797933e+01	9.2027881639628673e-01	2.6790124900837919e+00	
1.0333335548080113e+01	9.2027878088302595e-01	2.6790125097343198e+00	
1.0333335770098884e+01	9.2027875116142699e-01	2.6790125261801512e+00	
1.0333335918810901e+01	9.2027873125338933e-01	2.6790125371958537e+00	
1.0333335962543583e+01	9.2027872539891731e-01	2.6790125404353109e+00	
1.0333335871285060e+01	9.2027873761569567e-01	2.6790125336754218e+00	
1.0333335620640122e+01	9.2027877116951007e-01	2.6790125151091351e+00	
1.0333335195984091e+01	9.2027882801816452e-01	2.6790124836531382e+00	
1.0333334596187099e+01	9.2027890831291803e-01	2.6790124392237362e+00	
1.0333333836211315e+01	9.2027901005078960e-01	2.6790123829292369e+00	
1.0333332947942527e+01	9.2027912896323771e-01	2.6790123171315510e+00	
1.0333331978820256e+01	9.2027925869954130e-01	2.6790122453447167e+00	
1.0333330988160775e+01	9.2027939131903891e-01	2.6790121719625302e+00	
1.0333330041472264e+01	9.2027951805215680e-01	2.6790121018374475e+00	
1.0333329203461149e+01	9.2027963023664794e-01	2.6790120397625343e+00	
1.0333328530732382e+01	9.2027972029480842e-01	2.6790119899307525e+00	
1.0333328065314673e+01	9.2027978260025323e-01	2.6790119554553482e+00	
1.0333327830051056e+01	9.2027981409498338e-01	2.6790119380284088e+00	
1.0333327826590935e+01	9.2027981455819163e-01	2.6790119377721164e+00	
1.0333328036260948e+01	9.2027978648967923e-01	2.6790119533032506e+00	
1.0333328423577134e+01	9.2027973463968438e-01	2.6790119819933533e+00	
1.0333328941703689e+01	9.2027966527811456e-01	2.6790120203730940e+00	
1.0333329538863833e+01	9.2027958533632692e-01	2.6790120646071625e+00	
1.0333330164624046e+01	9.2027950156585359e-01	2.6790121109597704e+00	
1.0333330775108646e+01	9.2027941984032990e-01	2.6790121561808897e+00	
1.0333331336507543e+01	9.2027934468590933e-01	2.6790121977660610e+00	
1.0333331826631150e+01	9.2027927907310791e-01	2.6790122340715588e+00	
1.0333332234646271e+01	9.2027922445216404e-01	2.6790122642948715e+00	
1.0333332559415021e+01	9.2027918097540529e-01	2.6790122883517129e+00	
1.0333332807009580e+01	9.2027914782994769e-01	2.6790123066919578e+00	
1.0333332987982839e+01	9.2027912360307729e-01	2.6790123200974176e+00	
1.0333333114868839e+01	9.2027910661686196e-01	2.6790123294965675e+00	
1.0333333200216876e+01	9.2027909519132889e-01	2.6790123358188551e+00	
1.0333333255282032e+01	9.2027908781976131e-01	2.6790123398977657e+00	
1.0333333289344518e+01	9.2027908325981878e-01	2.6790123424206103e+00	
1.0333333309533170e+01	9.2027908055716434e-01	2.6790123439156357e+00	
1.0333333320988183e+01	9.2027907902368067e-01	2.6790123447640215e+00	
1.0333333327203752e+01	9.2027907819160071e-01	2.6790123452249044e+00	
1.0333333330424946e+01	9.2027907776037721e-01	2.6790123454643640e+00	
1.0333333332017036e+01	9.2027907754724181e-01	2.6790123455827612e+00	
1.0333333332766253e+01	9.2027907744694248e-01	2.6790123456376125e+00	
1.0333333333101294e+01	9.2027907740208992e-01	2.6790123456608366e+00	
1.0333333333243370e+01	9.2027907738307091e-01	2.6790123456701438e+00	
1.0333333333300367e+01	9.2027907737544379e-01	2.6790123456751003e+00	
1.0333333333321944e+01	9.2027907737255998e-01	2.6790123456795523e+00	
1.0333333333329644e+01	9.2027907737153736e-01	2.6790123456829447e+00	
1.0333333333332243e+01	9.2027907737120040e-01	2.6790123456827075e+00	
1.0333333333333087e+01	9.2027907737110093e-01	2.6790123456779025e+00	
1.0333333333333378e+01	9.2027907737107828e-01	2.6790123456718580e+00	
1.0333333333333506e+01	9.2027907737107917e-01	2.6790123456708517e+00	
1.0333333333333588e+01	9.2027907737108616e-01	2.6790123456786090e+00	
1.0333333333333654e+01	9.2027907737109438e-01	2.6790123456907957e+00	
1.0333333333333702e+01	9.2027907737110071e-01	2.6790123456958148e+00	
1.0333333333333727e+01	9.2027907737110359e-01	2.6790123456842467e+00	
1.0333333333333714e+01	9.2027907737110193e-01	2.6790123456606483e+00	
1.0333333333333648e+01	9.2027907737109382e-01	2.6790123456455306e+00	
1.0333333333333529e+01	9.2027907737107706e-01	2.6790123456602335e+00	
1.0333333333333336e+01	9.2027907737105108e-01	2.6790123457030677e+00	
1.0333333333333060e+01	9.2027907737101489e-01	2.6790123457393724e+00	
