1.0333333338298701e+01	9.2027907661877606e-01	2.6790123463498108e+00	
1.0333333339205183e+01	9.2027907651259988e-01	2.6790123462955471e+00	
1.0333333342711557e+01	9.2027907605588732e-01	2.6790123464813917e+00	
1.0333333347980558e+01	9.2027907536110087e-01	2.6790123468272871e+00	
1.0333333355806049e+01	9.2027907432229350e-01	2.6790123473805756e+00	
1.0333333367270189e+01	9.2027907279487853e-01	2.6790123482142634e+00	
1.0333333383812359e+01	9.2027907058640668e-01	2.6790123494305718e+00	
1.0333333407295569e+01	9.2027906744768262e-01	2.6790123511648405e+00	
1.0333333440057933e+01	9.2027906306587803e-01	2.6790123535886732e+00	
1.0333333484931204e+01	9.2027905706205493e-01	2.6790123569108926e+00	
1.0333333545202517e+01	9.2027904899628976e-01	2.6790123613744434e+00	
1.0333333624490626e+01	9.2027903838424474e-01	2.6790123672470649e+00	
1.0333333726506041e+01	9.2027902472928347e-01	2.6790123748034302e+00	
1.0333333854667501e+01	9.2027900757381254e-01	2.6790123842966760e+00	
1.0333334011557929e+01	9.2027898657211837e-01	2.6790123959180718e+00	
1.0333334198222984e+01	9.2027896158426936e-01	2.6790124097450412e+00	
1.0333334413345526e+01	9.2027893278663309e-01	2.6790124256799981e+00	
1.0333334652368212e+01	9.2027890078933627e-01	2.6790124433853526e+00	
1.0333334906679601e+01	9.2027886674521930e-01	2.6790124622232137e+00	
1.0333335163019136e+01	9.2027883242949515e-01	2.6790124812113132e+00	
1.0333335403282375e+01	9.2027880026582176e-01	2.6790124990085791e+00	
1.0333335604908255e+01	9.2027877327446128e-01	2.6790125139438214e+00	
1.0333335741994135e+01	9.2027875492300992e-01	2.6790125240983258e+00	
1.0333335787206003e+01	9.2027874887067729e-01	2.6790125274473504e+00	
1.0333335714432289e+01	9.2027875861302388e-01	2.6790125220567043e+00	
1.0333335501982866e+01	9.2027878705371113e-01	2.6790125063197108e+00	
1.0333335135983527e+01	9.2027883605008365e-01	2.6790124792086520e+00	
1.0333334613492248e+01	9.2027890599599660e-01	2.6790124405055988e+00	
1.0333333944801458e+01	9.2027899551360881e-01	2.6790123909729520e+00	
1.0333333154419067e+01	9.2027910132205659e-01	2.6790123324261121e+00	
1.0333332280354215e+01	9.2027921833306436e-01	2.6790122676805672e+00	
1.0333331371564300e+01	9.2027933999271450e-01	2.6790122003627910e+00	
1.0333330483715185e+01	9.2027945884902485e-01	2.6790121345961802e+00	
1.0333329673714037e+01	9.2027956728383764e-01	2.6790120745960824e+00	
1.0333328993729584e+01	9.2027965831332748e-01	2.6790120242268514e+00	
1.0333328485557690e+01	9.2027972634228183e-01	2.6790119865844786e+00	
1.0333328176180073e+01	9.2027976775865772e-01	2.6790119636676124e+00	
1.0333328075192304e+01	9.2027978127789445e-01	2.6790119561870354e+00	
1.0333328174471893e+01	9.2027976798734923e-01	2.6790119635410816e+00	
1.0333328450078739e+01	9.2027973109188277e-01	2.6790119839564084e+00	
1.0333328866007209e+01	9.2027967541156919e-01	2.6790120147659340e+00	
1.0333329379119322e+01	9.2027960672128895e-01	2.6790120527742531e+00	
1.0333329944439567e+01	9.2027953104191185e-01	2.6790120946498446e+00	
1.0333330520006596e+01	9.2027945399080135e-01	2.6790121372844555e+00	
1.0333331070640179e+01	9.2027938027753231e-01	2.6790121780721350e+00	
1.0333331570245335e+01	9.2027931339543789e-01	2.6790122150799225e+00	
1.0333332002573325e+01	9.2027925551973300e-01	2.6790122471042124e+00	
1.0333332360625803e+01	9.2027920758728499e-01	2.6790122736266202e+00	
1.0333332645073630e+01	9.2027916950828537e-01	2.6790122946968480e+00	
1.0333332862142937e+01	9.2027914044924142e-01	2.6790123107760802e+00	
1.0333333021401693e+01	9.2027911912929028e-01	2.6790123225730338e+00	
1.0333333133785963e+01	9.2027910408442171e-01	2.6790123308977734e+00	
1.0333333210073693e+01	9.2027909387179319e-01	2.6790123365486740e+00	
1.0333333259880558e+01	9.2027908720415474e-01	2.6790123402380490e+00	
1.0333333291145225e+01	9.2027908301875783e-01	2.6790123425539840e+00	
1.0333333310003907e+01	9.2027908049414919e-01	2.6790123439510070e+00	
1.0333333320927082e+01	9.2027907903186579e-01	2.6790123447601961e+00	
1.0333333326996994e+01	9.2027907821928800e-01	2.6790123452097849e+00	
1.0333333330229626e+01	9.2027907778653606e-01	2.6790123454490953e+00	
1.0333333331877579e+01	9.2027907756592486e-01	2.6790123455710222e+00	
1.0333333332680631e+01	9.2027907745842041e-01	2.6790123456305293e+00	
1.0333333333054114e+01	9.2027907740842174e-01	2.6790123456584438e+00	
1.0333333333219599e+01	9.2027907738626735e-01	2.6790123456710155e+00	
1.0333333333289310e+01	9.2027907737693371e-01	2.6790123456762363e+00	
1.0333333333317169e+01	9.2027907737320269e-01	2.6790123456779056e+00	
1.0333333333327701e+01	9.2027907737179104e-01	2.6790123456780579e+00	
1.0333333333331455e+01	9.2027907737128678e-01	2.6790123456780686e+00	
1.0333333333332710e+01	9.2027907737111669e-01	2.6790123456787431e+00	
1.0333333333333105e+01	9.2027907737106274e-01	2.6790123456799799e+00	
1.0333333333333218e+01	9.2027907737104664e-01	2.6790123456807704e+00	
1.0333333333333250e+01	9.2027907737104253e-01	2.6790123456800230e+00	
1.0333333333333263e+01	9.2027907737104220e-01	2.6790123456778021e+00	
1.0333333333333275e+01	9.2027907737104375e-01	2.6790123456758641e+00	
1.0333333333333298e+01	9.2027907737104619e-01	2.6790123456765396e+00	
1.0333333333333323e+01	9.2027907737104986e-01	2.6790123456803778e+00	
1.0333333333333359e+01	9.2027907737105430e-01	2.6790123456846158e+00	
1.0333333333333403e+01	9.2027907737105996e-01	2.6790123456846109e+00	
1.0333333333333449e+01	9.2027907737106651e-01	2.6790123456781414e+00	
1.0333333333333499e+01	9.2027907737107328e-01	2.6790123456691664e+00	
1.0333333333333547e+01	9.2027907737107983e-01	2.6790123456664783e+00	
1.0333333333333588e+01	9.2027907737108494e-01	2.6790123456761763e+00	
