1.0333333798803681e+01	9.2027900580631350e-01	2.6790124151166435e+00	
1.0333333830034116e+01	9.2027900245042882e-01	2.6790124087983522e+00	
1.0333333964076697e+01	9.2027898527913188e-01	2.6790124118773209e+00	
1.0333334116308070e+01	9.2027896562146339e-01	2.6790124178418520e+00	
1.0333334284332821e+01	9.2027894379901443e-01	2.6790124262569890e+00	
1.0333334463680956e+01	9.2027892041144532e-01	2.6790124365441743e+00	
1.0333334647489771e+01	9.2027889637901727e-01	2.6790124479724540e+00	
1.0333334826335530e+01	9.2027887296508026e-01	2.6790124596532632e+00	
1.0333334988287227e+01	9.2027885176882385e-01	2.6790124705462222e+00	
1.0333335119247584e+01	9.2027883467958516e-01	2.6790124794826760e+00	
1.0333335203626211e+01	9.2027882378669268e-01	2.6790124852118371e+00	
1.0333335225356164e+01	9.2027882124334071e-01	2.6790124864715059e+00	
1.0333335169219513e+01	9.2027882908910041e-01	2.6790124820815979e+00	
1.0333335022394712e+01	9.2027884904274626e-01	2.6790124710544805e+00	
1.0333334776085534e+01	9.2027888228416310e-01	2.6790124527119565e+00	
1.0333334427047944e+01	9.2027892924991994e-01	2.6790124267953725e+00	
1.0333333978806930e+01	9.2027898947035580e-01	2.6790123935534078e+00	
1.0333333442358873e+01	9.2027906147553407e-01	2.6790123537923325e+00	
1.0333332836191481e+01	9.2027914279256584e-01	2.6790123088761826e+00	
1.0333332185522302e+01	9.2027923004753431e-01	2.6790122606694204e+00	
1.0333331520752076e+01	9.2027931917254169e-01	2.6790122114217243e+00	
1.0333330875237731e+01	9.2027940570383038e-01	2.6790121636025801e+00	
1.0333330282594943e+01	9.2027948514288782e-01	2.6790121197011705e+00	
1.0333329773823021e+01	9.2027955334133660e-01	2.6790120820132093e+00	
1.0333329374589180e+01	9.2027960686449084e-01	2.6790120524396523e+00	
1.0333329103004072e+01	9.2027964328914791e-01	2.6790120323218356e+00	
1.0333328968163915e+01	9.2027966139875805e-01	2.6790120223334410e+00	
1.0333328969633660e+01	9.2027966125261551e-01	2.6790120224421741e+00	
1.0333329097916883e+01	9.2027964412296415e-01	2.6790120319445569e+00	
1.0333329335822592e+01	9.2027961231202160e-01	2.6790120495671590e+00	
1.0333329660520794e+01	9.2027956887681206e-01	2.6790120736188543e+00	
1.0333330045996304e+01	9.2027951730067914e-01	2.6790121021725852e+00	
1.0333330465577127e+01	9.2027946115481640e-01	2.6790121332526420e+00	
1.0333330894232178e+01	9.2027940379067896e-01	2.6790121650048673e+00	
1.0333331310396144e+01	9.2027934809569545e-01	2.6790121958318287e+00	
1.0333331697172351e+01	9.2027929633224514e-01	2.6790122244819194e+00	
1.0333332042868593e+01	9.2027925006593370e-01	2.6790122500890496e+00	
1.0333332340917043e+01	9.2027921017631908e-01	2.6790122721667142e+00	
1.0333332589302817e+01	9.2027917693341477e-01	2.6790122905656610e+00	
1.0333332789667624e+01	9.2027915011768968e-01	2.6790123054074990e+00	
1.0333332946263923e+01	9.2027912916007859e-01	2.6790123170072255e+00	
1.0333333064915807e+01	9.2027911328109191e-01	2.6790123257962546e+00	
1.0333333152104741e+01	9.2027910161321258e-01	2.6790123322546950e+00	
1.0333333214251500e+01	9.2027909329702529e-01	2.6790123368581589e+00	
1.0333333257220540e+01	9.2027908754756993e-01	2.6790123400410515e+00	
1.0333333286036067e+01	9.2027908369235234e-01	2.6790123421755352e+00	
1.0333333304774692e+01	9.2027908118571955e-01	2.6790123435635822e+00	
1.0333333316587529e+01	9.2027907960590161e-01	2.6790123444386085e+00	
1.0333333323803666e+01	9.2027907864116154e-01	2.6790123449731378e+00	
1.0333333328073252e+01	9.2027907807064180e-01	2.6790123452894035e+00	
1.0333333330518760e+01	9.2027907774411954e-01	2.6790123454705537e+00	
1.0333333331873963e+01	9.2027907756339733e-01	2.6790123455709391e+00	
1.0333333332600134e+01	9.2027907746675364e-01	2.6790123456247308e+00	
1.0333333332976176e+01	9.2027907741687520e-01	2.6790123456525867e+00	
1.0333333333164294e+01	9.2027907739206694e-01	2.6790123456665222e+00	
1.0333333333255208e+01	9.2027907738020032e-01	2.6790123456732577e+00	
1.0333333333297691e+01	9.2027907737475934e-01	2.6790123456764063e+00	
1.0333333333316942e+01	9.2027907737238157e-01	2.6790123456778341e+00	
1.0333333333325454e+01	9.2027907737140280e-01	2.6790123456784651e+00	
1.0333333333329188e+01	9.2027907737103343e-01	2.6790123456787422e+00	
1.0333333333330852e+01	9.2027907737091541e-01	2.6790123456788661e+00	
1.0333333333331648e+01	9.2027907737089387e-01	2.6790123456789279e+00	
1.0333333333332076e+01	9.2027907737090531e-01	2.6790123456789630e+00	
1.0333333333332341e+01	9.2027907737092518e-01	2.6790123456789847e+00	
1.0333333333332527e+01	9.2027907737094516e-01	2.6790123456789994e+00	
1.0333333333332668e+01	9.2027907737096248e-01	2.6790123456790087e+00	
1.0333333333332780e+01	9.2027907737097725e-01	2.6790123456790167e+00	
1.0333333333332872e+01	9.2027907737098891e-01	2.6790123456790260e+00	
1.0333333333332945e+01	9.2027907737099857e-01	2.6790123456790385e+00	
1.0333333333333004e+01	9.2027907737100678e-01	2.6790123456790500e+00	
1.0333333333333053e+01	9.2027907737101344e-01	2.6790123456790558e+00	
1.0333333333333091e+01	9.2027907737101899e-01	2.6790123456790522e+00	
1.0333333333333126e+01	9.2027907737102321e-01	2.6790123456790451e+00	
1.0333333333333155e+01	9.2027907737102699e-01	2.6790123456790451e+00	
1.0333333333333178e+01	9.2027907737103010e-01	2.6790123456790598e+00	
1.0333333333333197e+01	9.2027907737103265e-01	2.6790123456790833e+00	
1.0333333333333213e+01	9.2027907737103498e-01	2.6790123456790966e+00	
1.0333333333333226e+01	9.2027907737103698e-01	2.6790123456790789e+00	
1.0333333333333238e+01	9.2027907737103853e-01	2.6790123456790349e+00	
1.0333333333333249e+01	9.2027907737103964e-01	2.6790123456789967e+00	
1.0333333333333258e+01	9.2027907737104087e-01	2.6790123456790047e+00	
