1.0333333333692636e+01	9.2027907731680636e-01	2.6790123457264388e+00	
1.0333333333773036e+01	9.2027907730723768e-01	2.6790123457234785e+00	
1.0333333334082283e+01	9.2027907726680269e-01	2.6790123457413082e+00	
1.0333333334587037e+01	9.2027907720000834e-01	2.6790123457758153e+00	
1.0333333335405035e+01	9.2027907709112855e-01	2.6790123458347703e+00	
1.0333333336717820e+01	9.2027907691588884e-01	2.6790123459310791e+00	
1.0333333338800658e+01	9.2027907663746289e-01	2.6790123460848254e+00	
1.0333333342063433e+01	9.2027907620099969e-01	2.6790123463261986e+00	
1.0333333347104599e+01	9.2027907552639854e-01	2.6790123466994307e+00	
1.0333333354779585e+01	9.2027907449915736e-01	2.6790123472678347e+00	
1.0333333366283115e+01	9.2027907295934741e-01	2.6790123481198762e+00	
1.0333333383241969e+01	9.2027907068920189e-01	2.6790123493760425e+00	
1.0333333407809585e+01	9.2027906740044529e-01	2.6790123511958361e+00	
1.0333333442747316e+01	9.2027906272342164e-01	2.6790123537837958e+00	
1.0333333491468464e+01	9.2027905620119577e-01	2.6790123573927560e+00	
1.0333333558011946e+01	9.2027904729308352e-01	2.6790123623218931e+00	
1.0333333646903899e+01	9.2027903539317368e-01	2.6790123689064766e+00	
1.0333333762860924e+01	9.2027901987005656e-01	2.6790123774958809e+00	
1.0333333910291369e+01	9.2027900013359010e-01	2.6790123884166506e+00	
1.0333334092565501e+01	9.2027897573259820e-01	2.6790124019184356e+00	
1.0333334311055324e+01	9.2027894648341224e-01	2.6790124181028645e+00	
1.0333334563991501e+01	9.2027891262289419e-01	2.6790124368388759e+00	
1.0333334845246430e+01	9.2027887497134597e-01	2.6790124576725716e+00	
1.0333335143221392e+01	9.2027883508148811e-01	2.6790124797447876e+00	
1.0333335440078351e+01	9.2027879534129675e-01	2.6790125017341886e+00	
1.0333335711594797e+01	9.2027875899343481e-01	2.6790125218465142e+00	
1.0333335927912367e+01	9.2027873003503857e-01	2.6790125378700367e+00	
1.0333336055378920e+01	9.2027871297111508e-01	2.6790125473120034e+00	
1.0333336059541828e+01	9.2027871241383141e-01	2.6790125476203674e+00	
1.0333335909144809e+01	9.2027873254746362e-01	2.6790125364798478e+00	
1.0333335580739970e+01	9.2027877651097734e-01	2.6790125121535646e+00	
1.0333335063297683e+01	9.2027884578090990e-01	2.6790124738245109e+00	
1.0333334362037551e+01	9.2027893965851759e-01	2.6790124218793254e+00	
1.0333333500671868e+01	9.2027905496944085e-01	2.6790123580744716e+00	
1.0333332521387298e+01	9.2027918606616210e-01	2.6790122855348812e+00	
1.0333331482195815e+01	9.2027932518262634e-01	2.6790122085577286e+00	
1.0333330451724688e+01	9.2027946313170905e-01	2.6790121322265126e+00	
1.0333329502006301e+01	9.2027959027043960e-01	2.6790120618769753e+00	
1.0333328700265561e+01	9.2027969759942174e-01	2.6790120024887574e+00	
1.0333328100976352e+01	9.2027977782623460e-01	2.6790119580969693e+00	
1.0333327739488952e+01	9.2027982621853555e-01	2.6790119313201433e+00	
1.0333327628291352e+01	9.2027984110455363e-01	2.6790119230832885e+00	
1.0333327756499667e+01	9.2027982394131402e-01	2.6790119325801749e+00	
1.0333328092575753e+01	9.2027977895082669e-01	2.6790119574746578e+00	
1.0333328589680221e+01	9.2027971240348083e-01	2.6790119942971988e+00	
1.0333329192619747e+01	9.2027963168800475e-01	2.6790120389594465e+00	
1.0333329845136618e+01	9.2027954433561676e-01	2.6790120872941441e+00	
1.0333330496348980e+01	9.2027945715786807e-01	2.6790121355321825e+00	
1.0333331105446804e+01	9.2027937561799333e-01	2.6790121806504974e+00	
1.0333331644189727e+01	9.2027930349652665e-01	2.6790122205572078e+00	
1.0333332097221303e+01	9.2027924284923224e-01	2.6790122541149373e+00	
1.0333332460601438e+01	9.2027919420356874e-01	2.6790122810320272e+00	
1.0333332739191706e+01	9.2027915690871687e-01	2.6790123016686587e+00	
1.0333332943585267e+01	9.2027912954657021e-01	2.6790123168092954e+00	
1.0333333087178803e+01	9.2027911032371679e-01	2.6790123274458950e+00	
1.0333333183794783e+01	9.2027909738974278e-01	2.6790123346021288e+00	
1.0333333246044859e+01	9.2027908905632894e-01	2.6790123392124889e+00	
1.0333333284434463e+01	9.2027908391711388e-01	2.6790123420558882e+00	
1.0333333307079194e+01	9.2027908088566412e-01	2.6790123437340432e+00	
1.0333333319843497e+01	9.2027907917690677e-01	2.6790123446810234e+00	
1.0333333326711077e+01	9.2027907825754451e-01	2.6790123451906087e+00	
1.0333333330233096e+01	9.2027907778605467e-01	2.6790123454504742e+00	
1.0333333331952053e+01	9.2027907755594296e-01	2.6790123455750687e+00	
1.0333333332748998e+01	9.2027907744926452e-01	2.6790123456318824e+00	
1.0333333333099244e+01	9.2027907740238846e-01	2.6790123456589061e+00	
1.0333333333244827e+01	9.2027907738291481e-01	2.6790123456745385e+00	
1.0333333333301921e+01	9.2027907737528969e-01	2.6790123456838146e+00	
1.0333333333323001e+01	9.2027907737248815e-01	2.6790123456849950e+00	
1.0333333333330332e+01	9.2027907737152881e-01	2.6790123456773745e+00	
1.0333333333332746e+01	9.2027907737122661e-01	2.6790123456668669e+00	
1.0333333333333506e+01	9.2027907737114245e-01	2.6790123456645256e+00	
1.0333333333333739e+01	9.2027907737112213e-01	2.6790123456773758e+00	
1.0333333333333792e+01	9.2027907737111592e-01	2.6790123456986525e+00	
1.0333333333333751e+01	9.2027907737110803e-01	2.6790123457084989e+00	
1.0333333333333638e+01	9.2027907737109194e-01	2.6790123456898272e+00	
1.0333333333333442e+01	9.2027907737106540e-01	2.6790123456491282e+00	
1.0333333333333155e+01	9.2027907737102688e-01	2.6790123456211847e+00	
1.0333333333332773e+01	9.2027907737097636e-01	2.6790123456440664e+00	
1.0333333333332309e+01	9.2027907737091408e-01	2.6790123457175441e+00	
1.0333333333331776e+01	9.2027907737084269e-01	2.6790123457836308e+00	
1.0333333333331201e+01	9.2027907737076597e-01	2.6790123457627373e+00	
