3.8571428571456639e+00	3.5496478698542555e+00	2.7466666666695620e+01	
3.8571428571476614e+00	3.5496478698534739e+00	2.7466666666707862e+01	
3.8571428571536353e+00	3.5496478698480280e+00	2.7466666666754119e+01	
3.8571428571652273e+00	3.5496478698365714e+00	2.7466666666846368e+01	
3.8571428571880602e+00	3.5496478698135432e+00	2.7466666667029159e+01	
3.8571428572327595e+00	3.5496478697682132e+00	2.7466666667387454e+01	
3.8571428573192810e+00	3.5496478696803360e+00	2.7466666668081132e+01	
3.8571428574846145e+00	3.5496478695123352e+00	2.7466666669406738e+01	
3.8571428577963327e+00	3.5496478691955384e+00	2.7466666671906022e+01	
3.8571428583759868e+00	3.5496478686064115e+00	2.7466666676553547e+01	
3.8571428594387767e+00	3.5496478675262337e+00	2.7466666685074731e+01	
3.8571428613595184e+00	3.5496478655740531e+00	2.7466666700474747e+01	
3.8571428647801356e+00	3.5496478620974408e+00	2.7466666727900371e+01	
3.8571428707811006e+00	3.5496478559982321e+00	2.7466666776014556e+01	
3.8571428811488127e+00	3.5496478454607825e+00	2.7466666859140187e+01	
3.8571428987827310e+00	3.5496478275381635e+00	2.7466667000524371e+01	
3.8571429282997385e+00	3.5496477975379044e+00	2.7466667237184083e+01	
3.8571429769069105e+00	3.5496477481349356e+00	2.7466667626903785e+01	
3.8571430556246318e+00	3.5496476681284426e+00	2.7466668258042077e+01	
3.8571431809444920e+00	3.5496475407568266e+00	2.7466669262824258e+01	
3.8571433769931720e+00	3.5496473414983862e+00	2.7466670834691850e+01	
3.8571436782346766e+00	3.5496470353248251e+00	2.7466673249968419e+01	
3.8571441326677189e+00	3.5496465734514913e+00	2.7466676893495450e+01	
3.8571448053524442e+00	3.5496458897528496e+00	2.7466682286908849e+01	
3.8571457819252082e+00	3.5496448971900505e+00	2.7466690116819812e+01	
3.8571471715356647e+00	3.5496434848255429e+00	2.7466701258364100e+01	
3.8571491083866016e+00	3.5496415162576893e+00	2.7466716787548869e+01	
3.8571517508147828e+00	3.5496388305544491e+00	2.7466737973884328e+01	
3.8571552766858277e+00	3.5496352469331356e+00	2.7466766243462860e+01	
3.8571598738746231e+00	3.5496305744349197e+00	2.7466803102635566e+01	
3.8571657248612445e+00	3.5496246275800951e+00	2.7466850014508751e+01	
3.8571729850751511e+00	3.5496172483776682e+00	2.7466908225314921e+01	
3.8571817556069381e+00	3.5496083340603746e+00	2.7466978545622602e+01	
3.8571920522361491e+00	3.5495978685653657e+00	2.7467061102005914e+01	
3.8572037742417784e+00	3.5495859542378589e+00	2.7467155086966947e+01	
3.8572166778911545e+00	3.5495728387821912e+00	2.7467258546362743e+01	
3.8572303604617684e+00	3.5495589315094294e+00	2.7467368251278373e+01	
3.8572442607202984e+00	3.5495448028587342e+00	2.7467479701848823e+01	
3.8572576806136185e+00	3.5495311623572805e+00	2.7467587301158346e+01	
3.8572698303678363e+00	3.5495188127836239e+00	2.7467684716831705e+01	
3.8572798954121486e+00	3.5495085821411831e+00	2.7467765417628900e+01	
3.8572871190935971e+00	3.5495012395741083e+00	2.7467823336665923e+01	
3.8572908909161141e+00	3.5494974056627417e+00	2.7467853578940396e+01	
3.8572908270907460e+00	3.5494974705334648e+00	2.7467853067210491e+01	
3.8572868295044227e+00	3.5495015339096909e+00	2.7467821014824430e+01	
3.8572791113868039e+00	3.5495093790217878e+00	2.7467759131516647e+01	
3.8572681829123696e+00	3.5495204872512285e+00	2.7467671507944416e+01	
3.8572547969001256e+00	3.5495340933409683e+00	2.7467564180273726e+01	
3.8572398622166117e+00	3.5495492734351082e+00	2.7467444435810350e+01	
3.8572243387087450e+00	3.5495650518872135e+00	2.7467319970551060e+01	
3.8572091309370742e+00	3.5495805092783170e+00	2.7467198037138761e+01	
3.8571949977480187e+00	3.5495948743254981e+00	2.7467084719835675e+01	
3.8571824908693397e+00	3.5496075862833849e+00	2.7466984442216905e+01	
3.8571719292538189e+00	3.5496183210081855e+00	2.7466899761492733e+01	
3.8571634085166244e+00	3.5496269813542032e+00	2.7466831444201372e+01	
3.8571568383542276e+00	3.5496336591342894e+00	2.7466778766242257e+01	
3.8571519967484962e+00	3.5496385800246557e+00	2.7466739947478757e+01	
3.8571485887142600e+00	3.5496420438552270e+00	2.7466712622761499e+01	
3.8571462991089920e+00	3.5496443709369498e+00	2.7466694265339129e+01	
3.8571448326444493e+00	3.5496458613971695e+00	2.7466682507656522e+01	
3.8571439384564044e+00	3.5496467702094145e+00	2.7466675338344494e+01	
3.8571434202449528e+00	3.5496472968882906e+00	2.7466671183519374e+01	
3.8571431353657415e+00	3.5496475864138182e+00	2.7466668899495140e+01	
3.8571429871415299e+00	3.5496477370460977e+00	2.7466667711138708e+01	
3.8571429143338403e+00	3.5496478110261713e+00	2.7466667127456017e+01	
3.8571428806679937e+00	3.5496478452225428e+00	2.7466666857606370e+01	
3.8571428660604492e+00	3.5496478600474832e+00	2.7466666740565440e+01	
3.8571428601326598e+00	3.5496478660493676e+00	2.7466666693121077e+01	
3.8571428578893152e+00	3.5496478683051911e+00	2.7466666675222566e+01	
3.8571428570975050e+00	3.5496478690843136e+00	2.7466666668967424e+01	
3.8571428568336090e+00	3.5496478693253559e+00	2.7466666666950768e+01	
3.8571428567456465e+00	3.5496478693859213e+00	2.7466666666351063e+01	
3.8571428567106816e+00	3.5496478693908071e+00	2.7466666666183222e+01	
3.8571428566895833e+00	3.5496478693796147e+00	2.7466666666134170e+01	
3.8571428566710497e+00	3.5496478693636382e+00	2.7466666666114037e+01	
3.8571428566520947e+00	3.5496478693456948e+00	2.7466666666099727e+01	
3.8571428566319410e+00	3.5496478693263329e+00	2.7466666666085956e+01	
3.8571428566103219e+00	3.5496478693055522e+00	2.7466666666071632e+01	
3.8571428565870671e+00	3.5496478692832398e+00	2.7466666666056522e+01	
3.8571428565620325e+00	3.5496478692592648e+00	2.7466666666040531e+01	
3.8571428565351127e+00	3.5496478692335334e+00	2.7466666666023613e+01	
