3.8571428571428568e+00	3.5496478698597680e+00	2.7466666666666672e+01	
3.8571428571428621e+00	3.5496478698597618e+00	2.7466666666666708e+01	
3.8571428571428710e+00	3.5496478698597560e+00	2.7466666666666775e+01	
3.8571428571428883e+00	3.5496478698597373e+00	2.7466666666666914e+01	
3.8571428571429283e+00	3.5496478698596974e+00	2.7466666666667237e+01	
3.8571428571430184e+00	3.5496478698596059e+00	2.7466666666667958e+01	
3.8571428571432200e+00	3.5496478698594007e+00	2.7466666666669575e+01	
3.8571428571436668e+00	3.5496478698589478e+00	2.7466666666673159e+01	
3.8571428571446447e+00	3.5496478698579534e+00	2.7466666666680997e+01	
3.8571428571467616e+00	3.5496478698558009e+00	2.7466666666697972e+01	
3.8571428571512913e+00	3.5496478698511975e+00	2.7466666666734291e+01	
3.8571428571608615e+00	3.5496478698414706e+00	2.7466666666811022e+01	
3.8571428571808162e+00	3.5496478698211886e+00	2.7466666666971012e+01	
3.8571428572218625e+00	3.5496478697794709e+00	2.7466666667300114e+01	
3.8571428573051230e+00	3.5496478696948479e+00	2.7466666667967665e+01	
3.8571428574715925e+00	3.5496478695256535e+00	2.7466666669302374e+01	
3.8571428577995372e+00	3.5496478691923397e+00	2.7466666671931755e+01	
3.8571428584358376e+00	3.5496478685456210e+00	2.7466666677033448e+01	
3.8571428596513204e+00	3.5496478673102385e+00	2.7466666686778872e+01	
3.8571428619363317e+00	3.5496478649878167e+00	2.7466666705099499e+01	
3.8571428661621252e+00	3.5496478606928381e+00	2.7466666738980813e+01	
3.8571428738469180e+00	3.5496478528822299e+00	2.7466666800595490e+01	
3.8571428875835161e+00	3.5496478389207371e+00	2.7466666910731966e+01	
3.8571429117082503e+00	3.5496478144010322e+00	2.7466667104157832e+01	
3.8571429533173416e+00	3.5496477721107165e+00	2.7466667437768734e+01	
3.8571430237628892e+00	3.5496477005118301e+00	2.7466668002582875e+01	
3.8571431407789589e+00	3.5496475815799577e+00	2.7466668940787411e+01	
3.8571433313860388e+00	3.5496473878522132e+00	2.7466670469025654e+01	
3.8571436356811022e+00	3.5496470785751058e+00	2.7466672908784854e+01	
3.8571441115171687e+00	3.5496465949483276e+00	2.7466676723915810e+01	
3.8571448398855388e+00	3.5496458546543153e+00	2.7466682563786424e+01	
3.8571459305160256e+00	3.5496447461661638e+00	2.7466691308183314e+01	
3.8571475268027839e+00	3.5496431237408359e+00	2.7466704106806592e+01	
3.8571498086749503e+00	3.5496408045009660e+00	2.7466722402287228e+01	
3.8571529915395875e+00	3.5496375695083331e+00	2.7466747921713935e+01	
3.8571573190653723e+00	3.5496331710970281e+00	2.7466782618777714e+01	
3.8571630475410186e+00	3.5496273487694574e+00	2.7466828548365523e+01	
3.8571704200543877e+00	3.5496198554382810e+00	2.7466887659539015e+01	
3.8571796299919345e+00	3.5496104945234817e+00	2.7466961502884818e+01	
3.8571907754380050e+00	3.5495991663003399e+00	2.7467050864898127e+01	
3.8572038088340319e+00	3.5495859190682406e+00	2.7467155364353928e+01	
3.8572184893226771e+00	3.5495709975948317e+00	2.7467273070195809e+01	
3.8572343478252091e+00	3.5495548786227067e+00	2.7467400221506793e+01	
3.8572506761329808e+00	3.5495382819709822e+00	2.7467531140014586e+01	
3.8572665501829744e+00	3.5495221468907769e+00	2.7467658416681672e+01	
3.8572808936050440e+00	3.5495075674811472e+00	2.7467773421203500e+01	
3.8572925806314582e+00	3.5494956880843107e+00	2.7467867127135591e+01	
3.8573005685446531e+00	3.5494875686434941e+00	2.7467931173885621e+01	
3.8573040409456585e+00	3.5494840390522233e+00	2.7467959015486684e+01	
3.8573025367794846e+00	3.5494855679801902e+00	2.7467946955171698e+01	
3.8572960386710800e+00	3.5494921730686704e+00	2.7467894853677890e+01	
3.8572849991464357e+00	3.5495033942817198e+00	2.7467806339475700e+01	
3.8572702944680248e+00	3.5495183408530728e+00	2.7467688438571745e+01	
3.8572531108566110e+00	3.5495358069691636e+00	2.7467550662168794e+01	
3.8572347830039972e+00	3.5495544359422189e+00	2.7467403711807833e+01	
3.8572166157329963e+00	3.5495729014974624e+00	2.7467258049422455e+01	
3.8571997231078070e+00	3.5495900713028874e+00	2.7467122607354380e+01	
3.8571849140906775e+00	3.5496051231721455e+00	2.7467003871606913e+01	
3.8571726415219887e+00	3.5496175968980390e+00	2.7466905472829779e+01	
3.8571630155371137e+00	3.5496273805950702e+00	2.7466828293939411e+01	
3.8571558681969069e+00	3.5496346449970266e+00	2.7466770988340684e+01	
3.8571508470245570e+00	3.5496397483833202e+00	2.7466730729893470e+01	
3.8571475131800428e+00	3.5496431367979122e+00	2.7466704000048463e+01	
3.8571454245402323e+00	3.5496452596124670e+00	2.7466687253954081e+01	
3.8571441924190650e+00	3.5496465118812033e+00	2.7466677375215902e+01	
3.8571435097581506e+00	3.5496472056914512e+00	2.7466671901915490e+01	
3.8571431556015301e+00	3.5496475656171964e+00	2.7466669062484215e+01	
3.8571429841783420e+00	3.5496477398159185e+00	2.7466667688169228e+01	
3.8571429070851271e+00	3.5496478181383031e+00	2.7466667070175042e+01	
3.8571428750263999e+00	3.5496478506867253e+00	2.7466666813263952e+01	
3.8571428627655679e+00	3.5496478631107360e+00	2.7466666715096327e+01	
3.8571428584761405e+00	3.5496478674302092e+00	2.7466666680851365e+01	
3.8571428571067696e+00	3.5496478687789188e+00	2.7466666670029745e+01	
3.8571428567022386e+00	3.5496478691437838e+00	2.7466666666956243e+01	
3.8571428565817030e+00	3.5496478692164559e+00	2.7466666666173332e+01	
3.8571428565337946e+00	3.5496478692113986e+00	2.7466666665987752e+01	
3.8571428565006416e+00	3.5496478691870825e+00	2.7466666665936845e+01	
3.8571428564684815e+00	3.5496478691573063e+00	2.7466666665911003e+01	
3.8571428564346850e+00	3.5496478691249731e+00	2.7466666665888230e+01	
3.8571428563993746e+00	3.5496478690910775e+00	2.7466666665865084e+01	
3.8571428563640575e+00	3.5496478690571234e+00	2.7466666665841750e+01	
