3.8571763077246022e+00	3.5495409262488904e+00	2.7467129591720198e+01	
3.8571816452070022e+00	3.5495436574289156e+00	2.7467144341287725e+01	
3.8571928966196380e+00	3.5495399658448337e+00	2.7467208109216589e+01	
3.8572036307263011e+00	3.5495362510540955e+00	2.7467269855730667e+01	
3.8572135714843561e+00	3.5495327034439841e+00	2.7467327708735745e+01	
3.8572224593823159e+00	3.5495295397689519e+00	2.7467379760121020e+01	
3.8572300609801951e+00	3.5495269873551085e+00	2.7467424166230632e+01	
3.8572361787332796e+00	3.5495252667878363e+00	2.7467459255394758e+01	
3.8572406604879168e+00	3.5495245745731014e+00	2.7467483634245809e+01	
3.8572434078508131e+00	3.5495250672736880e+00	2.7467496283691812e+01	
3.8572443825496436e+00	3.5495268485148674e+00	2.7467496635535724e+01	
3.8572436099462788e+00	3.5495299600058812e+00	2.7467484621855689e+01	
3.8572411790449372e+00	3.5495343773654877e+00	2.7467460691409329e+01	
3.8572372386357561e+00	3.5495400110940629e+00	2.7467425790266155e+01	
3.8572319895938119e+00	3.5495467125509408e+00	2.7467381307305406e+01	
3.8572256737612354e+00	3.5495542843217809e+00	2.7467328988714531e+01	
3.8572185602182532e+00	3.5495624939528252e+00	2.7467270828750461e+01	
3.8572109300423438e+00	3.5495710897331678e+00	2.7467208946366913e+01	
3.8572030608209276e+00	3.5495798170582025e+00	2.7467145458562651e+01	
3.8571952121984312e+00	3.5495884339225743e+00	2.7467082361307991e+01	
3.8571876136026302e+00	3.5495967242638122e+00	2.7467021427681750e+01	
3.8571804550295341e+00	3.5496045081811509e+00	2.7466964130590149e+01	
3.8571738814109455e+00	3.5496116484443965e+00	2.7466911594476866e+01	
3.8571679906954639e+00	3.5496180531311321e+00	2.7466864577186882e+01	
3.8571628353961049e+00	3.5496236746321252e+00	2.7466823480049381e+01	
3.8571584270435189e+00	3.5496285055963543e+00	2.7466788381677706e+01	
3.8571547427675488e+00	3.5496325726144171e+00	2.7466759089220997e+01	
3.8571517331285707e+00	3.5496359285460732e+00	2.7466735199973634e+01	
3.8571493303322968e+00	3.5496386443865711e+00	2.7466716166341541e+01	
3.8571474560700261e+00	3.5496408014560803e+00	2.7466701358033600e+01	
3.8571460284020405e+00	3.5496424845165948e+00	2.7466690116760535e+01	
3.8571449673111129e+00	3.5496437762062376e+00	2.7466681800408217e+01	
3.8571441987630659e+00	3.5496447529655457e+00	2.7466675815343617e+01	
3.8571436572951328e+00	3.5496454824416666e+00	2.7466671636992263e+01	
3.8571432872926383e+00	3.5496460222127562e+00	2.7466668819953082e+01	
3.8571430432024583e+00	3.5496464195840969e+00	2.7466666999626959e+01	
3.8571428889691903e+00	3.5496467121682960e+00	2.7466665887639852e+01	
3.8571427969750598e+00	3.5496469289660890e+00	2.7466665263305284e+01	
3.8571427467293780e+00	3.5496470916993577e+00	2.7466664963091290e+01	
3.8571427235009867e+00	3.5496472162007953e+00	2.7466664869638731e+01	
3.8571427170293164e+00	3.5496473137230251e+00	2.7466664901415456e+01	
3.8571427203954922e+00	3.5496473920848599e+00	2.7466665003657635e+01	
3.8571427290900870e+00	3.5496474566177536e+00	2.7466665140890239e+01	
3.8571427402810863e+00	3.5496475109089753e+00	2.7466665291054607e+01	
3.8571427522644637e+00	3.5496475573595041e+00	2.7466665441101341e+01	
3.8571427640686675e+00	3.5496475975858042e+00	2.7466665583818148e+01	
3.8571427751809630e+00	3.5496476326980977e+00	2.7466665715635372e+01	
3.8571427853651770e+00	3.5496476634860628e+00	2.7466665835164783e+01	
3.8571427945447603e+00	3.5496476905384191e+00	2.7466665942262591e+01	
3.8571428027305137e+00	3.5496477143173895e+00	2.7466666037450743e+01	
3.8571428099775646e+00	3.5496477352036528e+00	2.7466666121573070e+01	
3.8571428163607488e+00	3.5496477535227529e+00	2.7466666195599149e+01	
3.8571428219611223e+00	3.5496477695603690e+00	2.7466666260517599e+01	
3.8571428268589423e+00	3.5496477835711007e+00	2.7466666317281273e+01	
3.8571428311302647e+00	3.5496477957836654e+00	2.7466666366781602e+01	
3.8571428348454870e+00	3.5496478064041677e+00	2.7466666409838556e+01	
3.8571428380688970e+00	3.5496478156183655e+00	2.7466666447198691e+01	
3.8571428408587174e+00	3.5496478235934439e+00	2.7466666479537150e+01	
3.8571428432673769e+00	3.5496478304795196e+00	2.7466666507461504e+01	
3.8571428453418841e+00	3.5496478364110242e+00	2.7466666531516385e+01	
3.8571428471242362e+00	3.5496478415079866e+00	2.7466666552188272e+01	
3.8571428486518267e+00	3.5496478458772591e+00	2.7466666569910327e+01	
3.8571428499578460e+00	3.5496478496136774e+00	2.7466666585067006e+01	
3.8571428510716639e+00	3.5496478528011579e+00	2.7466666597998536e+01	
3.8571428520191904e+00	3.5496478555137303e+00	2.7466666609005046e+01	
3.8571428528232166e+00	3.5496478578165149e+00	2.7466666618350551e+01	
3.8571428535037273e+00	3.5496478597666181e+00	2.7466666626266576e+01	
3.8571428540781976e+00	3.5496478614139755e+00	2.7466666632955590e+01	
3.8571428545618649e+00	3.5496478628021242e+00	2.7466666638594116e+01	
3.8571428549679716e+00	3.5496478639689131e+00	2.7466666643335600e+01	
3.8571428553079987e+00	3.5496478649471475e+00	2.7466666647313073e+01	
3.8571428555918659e+00	3.5496478657651842e+00	2.7466666650641503e+01	
3.8571428558281231e+00	3.5496478664474629e+00	2.7466666653419999e+01	
3.8571428560241174e+00	3.5496478670149827e+00	2.7466666655733722e+01	
3.8571428561861425e+00	3.5496478674857412e+00	2.7466666657655654e+01	
3.8571428563195753e+00	3.5496478678751178e+00	2.7466666659248176e+01	
3.8571428564289976e+00	3.5496478681962156e+00	2.7466666660564432e+01	
3.8571428565182981e+00	3.5496478684601689e+00	2.7466666661649594e+01	
3.8571428565907748e+00	3.5496478686764092e+00	2.7466666662541936e+01	
3.8571428566492076e+00	3.5496478688529076e+00	2.7466666663273802e+01	
3.8571428566959391e+00	3.5496478689963773e+00	2.7466666663872452e+01	
