3.8571429177940706e+00	3.5496477275279181e+00	2.7466667357735606e+01	
3.8571429462506392e+00	3.5496477258304262e+00	2.7466667498530811e+01	
3.8571430172780250e+00	3.5496476711367402e+00	2.7466668015633747e+01	
3.8571431171612458e+00	3.5496475809067189e+00	2.7466668785753100e+01	
3.8571432612758065e+00	3.5496474417852406e+00	2.7466669923667659e+01	
3.8571434698497398e+00	3.5496472346598957e+00	2.7466671586241741e+01	
3.8571437695427151e+00	3.5496469333455369e+00	2.7466673983957683e+01	
3.8571441951180243e+00	3.5496465030786353e+00	2.7466677393567895e+01	
3.8571447911155148e+00	3.5496458989438349e+00	2.7466682171016050e+01	
3.8571456133643265e+00	3.5496450644179243e+00	2.7466688763251248e+01	
3.8571467300960620e+00	3.5496439302897809e+00	2.7466697716956137e+01	
3.8571482223399323e+00	3.5496424142905574e+00	2.7466709681594114e+01	
3.8571501832140567e+00	3.5496404218333084e+00	2.7466725403654557e+01	
3.8571527156890664e+00	3.5496378482975417e+00	2.7466745708679337e+01	
3.8571559284124004e+00	3.5496345832800391e+00	2.7466771467758782e+01	
3.8571599292661678e+00	3.5496305171463201e+00	2.7466803545866853e+01	
3.8571648165064691e+00	3.5496255500385945e+00	2.7466842730811354e+01	
3.8571706676066122e+00	3.5496196032166094e+00	2.7466889643777716e+01	
3.8571775262938885e+00	3.5496126322342669e+00	2.7466944635390462e+01	
3.8571853887014700e+00	3.5496046410158417e+00	2.7467007674679710e+01	
3.8571941900009152e+00	3.5495956954442454e+00	2.7467078241900044e+01	
3.8572037932615615e+00	3.5495859346866352e+00	2.7467155239202391e+01	
3.8572139825100740e+00	3.5495755782516465e+00	2.7467236934980455e+01	
3.8572244619454765e+00	3.5495649267905556e+00	2.7467320957569783e+01	
3.8572348629295368e+00	3.5495543549952422e+00	2.7467404351288845e+01	
3.8572447596883532e+00	3.5495442956409557e+00	2.7467483702327531e+01	
3.8572536936577597e+00	3.5495352148415122e+00	2.7467555333944564e+01	
3.8572612051839856e+00	3.5495275798260857e+00	2.7467615560643750e+01	
3.8572668700218626e+00	3.5495218218373434e+00	2.7467660980821488e+01	
3.8572703369737176e+00	3.5495182978685005e+00	2.7467688778563762e+01	
3.8572713623124577e+00	3.5495172556687256e+00	2.7467696999659761e+01	
3.8572698365245670e+00	3.5495188065561409e+00	2.7467684766034360e+01	
3.8572657994992743e+00	3.5495229099772563e+00	2.7467652397536948e+01	
3.8572594415618728e+00	3.5495293724583199e+00	2.7467601420222511e+01	
3.8572510895470886e+00	3.5495378617656508e+00	2.7467534454678368e+01	
3.8572411791561594e+00	3.5495479350095467e+00	2.7467454994371089e+01	
3.8572302167889743e+00	3.5495590774461521e+00	2.7467367099605699e+01	
3.8572187355365530e+00	3.5495707472131750e+00	2.7467275044667311e+01	
3.8572072507790307e+00	3.5495824204635853e+00	2.7467182961806635e+01	
3.8571962207180319e+00	3.5495936314806174e+00	2.7467094524796128e+01	
3.8571860162106315e+00	3.5496040033357836e+00	2.7467012707070996e+01	
3.8571769026637148e+00	3.5496132662870430e+00	2.7466939636571773e+01	
3.8571690348136727e+00	3.5496212630800690e+00	2.7466876553899560e+01	
3.8571624633267794e+00	3.5496279422357961e+00	2.7466823865245310e+01	
3.8571571506452913e+00	3.5496333419420738e+00	2.7466781269446102e+01	
3.8571529926022743e+00	3.5496375680834880e+00	2.7466747931290620e+01	
3.8571498421170043e+00	3.5496407701576498e+00	2.7466722671503501e+01	
3.8571475316963273e+00	3.5496431184058173e+00	2.7466704147154640e+01	
3.8571458923247137e+00	3.5496447846142569e+00	2.7466691003113098e+01	
3.8571447673882830e+00	3.5496459279629748e+00	2.7466681983684769e+01	
3.8571440213116093e+00	3.5496466862481024e+00	2.7466676001858623e+01	
3.8571435434116181e+00	3.5496471719653342e+00	2.7466672170205314e+01	
3.8571432479942276e+00	3.5496474722119582e+00	2.7466669801651431e+01	
3.8571430719252877e+00	3.5496476511558450e+00	2.7466668390003555e+01	
3.8571429708526064e+00	3.5496477538753455e+00	2.7466667579657273e+01	
3.8571429150313401e+00	3.5496478106022868e+00	2.7466667132126172e+01	
3.8571428854072809e+00	3.5496478407028205e+00	2.7466666894638607e+01	
3.8571428703207840e+00	3.5496478560274705e+00	2.7466666773710617e+01	
3.8571428629584159e+00	3.5496478635012023e+00	2.7466666714713931e+01	
3.8571428595203217e+00	3.5496478669860654e+00	2.7466666687182371e+01	
3.8571428579857963e+00	3.5496478685358279e+00	2.7466666674914510e+01	
3.8571428573313660e+00	3.5496478691906974e+00	2.7466666669704502e+01	
3.8571428570639932e+00	3.5496478694517632e+00	2.7466666667599373e+01	
3.8571428569581467e+00	3.5496478695482239e+00	2.7466666666790967e+01	
3.8571428569160524e+00	3.5496478695794282e+00	2.7466666666495456e+01	
3.8571428568976196e+00	3.5496478695860958e+00	2.7466666666391518e+01	
3.8571428568873367e+00	3.5496478695839597e+00	2.7466666666354904e+01	
3.8571428568795518e+00	3.5496478695787332e+00	2.7466666666340430e+01	
3.8571428568723252e+00	3.5496478695723521e+00	2.7466666666332671e+01	
3.8571428568650252e+00	3.5496478695654186e+00	2.7466666666326720e+01	
3.8571428568574482e+00	3.5496478695580969e+00	2.7466666666321114e+01	
3.8571428568495203e+00	3.5496478695504141e+00	2.7466666666315440e+01	
3.8571428568412043e+00	3.5496478695423610e+00	2.7466666666309592e+01	
3.8571428568324677e+00	3.5496478695339113e+00	2.7466666666303531e+01	
3.8571428568232795e+00	3.5496478695250393e+00	2.7466666666297243e+01	
3.8571428568136032e+00	3.5496478695157112e+00	2.7466666666290699e+01	
3.8571428568034025e+00	3.5496478695058915e+00	2.7466666666283896e+01	
3.8571428567926329e+00	3.5496478694955416e+00	2.7466666666276808e+01	
3.8571428567812491e+00	3.5496478694846187e+00	2.7466666666269411e+01	
3.8571428567691988e+00	3.5496478694730738e+00	2.7466666666261691e+01	
3.8571428567564237e+00	3.5496478694608533e+00	2.7466666666253612e+01	
