1.0333333333333531e+01	9.2027907737101844e-01	2.6790123456790633e+00	
1.0333333333333695e+01	9.2027907737099435e-01	2.6790123456790922e+00	
1.0333333333333934e+01	9.2027907737095938e-01	2.6790123456790700e+00	
1.0333333333334480e+01	9.2027907737088210e-01	2.6790123456790509e+00	
1.0333333333335268e+01	9.2027907737077164e-01	2.6790123456791215e+00	
1.0333333333336382e+01	9.2027907737061831e-01	2.6790123456792889e+00	
1.0333333333338134e+01	9.2027907737038095e-01	2.6790123456794452e+00	
1.0333333333341024e+01	9.2027907736999448e-01	2.6790123456795603e+00	
1.0333333333345710e+01	9.2027907736937342e-01	2.6790123456798129e+00	
1.0333333333353162e+01	9.2027907736838954e-01	2.6790123456804444e+00	
1.0333333333364974e+01	9.2027907736683157e-01	2.6790123456814916e+00	
1.0333333333383754e+01	9.2027907736435000e-01	2.6790123456828723e+00	
1.0333333333413668e+01	9.2027907736038683e-01	2.6790123456848507e+00	
1.0333333333461288e+01	9.2027907735405801e-01	2.6790123456882564e+00	
1.0333333333537013e+01	9.2027907734396330e-01	2.6790123456941166e+00	
1.0333333333657368e+01	9.2027907732788095e-01	2.6790123457033408e+00	
1.0333333333848607e+01	9.2027907730228031e-01	2.6790123457173420e+00	
1.0333333334152554e+01	9.2027907726154634e-01	2.6790123457393453e+00	
1.0333333334635912e+01	9.2027907719673285e-01	2.6790123457750830e+00	
1.0333333335405229e+01	9.2027907709356216e-01	2.6790123458327217e+00	
1.0333333336630695e+01	9.2027907692924515e-01	2.6790123459239585e+00	
1.0333333338583754e+01	9.2027907666745379e-01	2.6790123460680100e+00	
1.0333333341696349e+01	9.2027907625039529e-01	2.6790123462975974e+00	
1.0333333346654397e+01	9.2027907558630295e-01	2.6790123466651417e+00	
1.0333333354546268e+01	9.2027907452956537e-01	2.6790123472512031e+00	
1.0333333367100225e+01	9.2027907284893740e-01	2.6790123481815855e+00	
1.0333333387066169e+01	9.2027907017642940e-01	2.6790123496588074e+00	
1.0333333418829653e+01	9.2027906592508968e-01	2.6790123520100484e+00	
1.0333333469395050e+01	9.2027905915735952e-01	2.6790123557570662e+00	
1.0333333549947037e+01	9.2027904837599817e-01	2.6790123617268700e+00	
1.0333333678308499e+01	9.2027903119499121e-01	2.6790123712348883e+00	
1.0333333882781567e+01	9.2027900382529926e-01	2.6790123863768649e+00	
1.0333334208124333e+01	9.2027896027470546e-01	2.6790124104742721e+00	
1.0333334724831914e+01	9.2027889110532990e-01	2.6790124487533773e+00	
1.0333335543514252e+01	9.2027878150888598e-01	2.6790125094018244e+00	
1.0333336837029510e+01	9.2027860834374853e-01	2.6790126052147261e+00	
1.0333338874107154e+01	9.2027833563399131e-01	2.6790127561004113e+00	
1.0333342069320844e+01	9.2027790787978314e-01	2.6790129927818289e+00	
1.0333347055137281e+01	9.2027724041261638e-01	2.6790133621128400e+00	
1.0333354781945532e+01	9.2027620600497229e-01	2.6790139344763921e+00	
1.0333366651062681e+01	9.2027461706570513e-01	2.6790148136581022e+00	
1.0333384683570166e+01	9.2027220303920199e-01	2.6790161493799016e+00	
1.0333411724737198e+01	9.2026858304129966e-01	2.6790181524286059e+00	
1.0333451680275049e+01	9.2026323423553968e-01	2.6790211121102296e+00	
1.0333509776760026e+01	9.2025545697688915e-01	2.6790254155306950e+00	
1.0333592832287296e+01	9.2024433859117949e-01	2.6790315676959260e+00	
1.0333709509209486e+01	9.2022871956199082e-01	2.6790402102668915e+00	
1.0333870489334860e+01	9.2020717011241182e-01	2.6790521344705174e+00	
1.0334088453535376e+01	9.2017799299126002e-01	2.6790682794788871e+00	
1.0334377661135216e+01	9.2013927986150990e-01	2.6790897012385320e+00	
1.0334752830187556e+01	9.2008906129753898e-01	2.6791174896101930e+00	
1.0335226971637770e+01	9.2002559681365992e-01	2.6791526079327652e+00	
1.0335807914377733e+01	9.1994784005747443e-01	2.6791956354493687e+00	
1.0336493565332040e+01	9.1985607313394258e-01	2.6792464161179117e+00	
1.0337266517085332e+01	9.1975262791893075e-01	2.6793036595126556e+00	
1.0338089356405252e+01	9.1964251312884993e-01	2.6793645940003183e+00	
1.0338902676223439e+01	9.1953367925754426e-01	2.6794248200590451e+00	
1.0339627946060389e+01	9.1943663346742555e-01	2.6794785230498990e+00	
1.0340176661378329e+01	9.1936321511272678e-01	2.6795191507638445e+00	
1.0340465446404785e+01	9.1932457606406004e-01	2.6795405316520431e+00	
1.0340434394768419e+01	9.1932872904579244e-01	2.6795382321291452e+00	
1.0340063784634124e+01	9.1937831347314036e-01	2.6795107925920916e+00	
1.0339383516968381e+01	9.1946933322042745e-01	2.6794604248602787e+00	
1.0338470993334893e+01	9.1959143857723735e-01	2.6793928557356086e+00	
1.0337436596948045e+01	9.1972986522660183e-01	2.6793162548407268e+00	
1.0336400316545737e+01	9.1986855896560793e-01	2.6792395060784404e+00	
1.0335466503895686e+01	9.1999355271797945e-01	2.6791703375137703e+00	
1.0334704595225292e+01	9.2009554814938621e-01	2.6791138900444924e+00	
1.0334141281131602e+01	9.2017096629154893e-01	2.6790721341720212e+00	
1.0333765073374533e+01	9.2022133834769348e-01	2.6790442065528874e+00	
1.0333539630257787e+01	9.2025152281898082e-01	2.6790273952944794e+00	
1.0333419690399756e+01	9.2026757256305158e-01	2.6790183183478722e+00	
1.0333363936385432e+01	9.2027501275369450e-01	2.6790138785613657e+00	
1.0333341822040815e+01	9.2027792741472658e-01	2.6790117772284789e+00	
1.0333334577319837e+01	9.2027882605242906e-01	2.6790105894006326e+00	
1.0333332640092088e+01	9.2027898917497464e-01	2.6790095397750648e+00	
1.0333332083542393e+01	9.2027894859675952e-01	2.6790081413890525e+00	
1.0333331717579039e+01	9.2027887750726445e-01	2.6790058138949648e+00	
1.0333331383349114e+01	9.2027882034162400e-01	2.6790015505367077e+00	
1.0333331206336842e+01	9.2027879322212813e-01	2.6789937022347003e+00	
1.0333331363556155e+01	9.2027881372282450e-01	2.6789799892862329e+00	
