3.8571428571710911e+00	3.5496478698025711e+00	2.7466666666962762e+01	
3.8571428571897353e+00	3.5496478697963334e+00	2.7466666667073344e+01	
3.8571428572434496e+00	3.5496478697484193e+00	2.7466666667485981e+01	
3.8571428573414170e+00	3.5496478696524605e+00	2.7466666668263372e+01	
3.8571428575232707e+00	3.5496478694696569e+00	2.7466666669717981e+01	
3.8571428578592046e+00	3.5496478691294167e+00	2.7466666672410064e+01	
3.8571428584728951e+00	3.5496478685064150e+00	2.7466666677330043e+01	
3.8571428595795121e+00	3.5496478673821561e+00	2.7466666686202547e+01	
3.8571428615478096e+00	3.5496478653819530e+00	2.7466666701983911e+01	
3.8571428649997093e+00	3.5496478618737575e+00	2.7466666729660453e+01	
3.8571428709668085e+00	3.5496478558091167e+00	2.7466666777503207e+01	
3.8571428811310930e+00	3.5496478454785305e+00	2.7466666858997890e+01	
3.8571428981867557e+00	3.5496478281437094e+00	2.7466666995745832e+01	
3.8571429263708739e+00	3.5496477994982163e+00	2.7466667221718829e+01	
3.8571429722214448e+00	3.5496477528970161e+00	2.7466667589336854e+01	
3.8571430456294347e+00	3.5496476782872142e+00	2.7466668177903117e+01	
3.8571431612530249e+00	3.5496475607706377e+00	2.7466669104943129e+01	
3.8571433403514459e+00	3.5496473787399880e+00	2.7466670540907938e+01	
3.8571436130651771e+00	3.5496471015612889e+00	2.7466672727456174e+01	
3.8571440211106687e+00	3.5496466868350272e+00	2.7466675999059721e+01	
3.8571446207632891e+00	3.5496460773643186e+00	2.7466680806920309e+01	
3.8571454858674268e+00	3.5496451980954400e+00	2.7466687743103943e+01	
3.8571467104398152e+00	3.5496439534717217e+00	2.7466697561414080e+01	
3.8571484102346116e+00	3.5496422258425948e+00	2.7466711189940582e+01	
3.8571507224449384e+00	3.5496398757665308e+00	2.7466729728667755e+01	
3.8571538025716148e+00	3.5496367451930007e+00	2.7466754424369949e+01	
3.8571578174575984e+00	3.5496326645413339e+00	2.7466786614765276e+01	
3.8571629336374902e+00	3.5496274645411137e+00	2.7466827635106863e+01	
3.8571693005512446e+00	3.5496209932925735e+00	2.7466878683596399e+01	
3.8571770288596143e+00	3.5496131383058960e+00	2.7466940647523518e+01	
3.8571861650638462e+00	3.5496038522977305e+00	2.7467013899771416e+01	
3.8571966647861022e+00	3.5495931803503931e+00	2.7467098084581036e+01	
3.8572083682337612e+00	3.5495812848532959e+00	2.7467191920820738e+01	
3.8572209822916097e+00	3.5495684637097860e+00	2.7467293058392631e+01	
3.8572340740553059e+00	3.5495551569163721e+00	2.7467398026369828e+01	
3.8572470801491372e+00	3.5495419370985779e+00	2.7467502307689923e+01	
3.8572593346771460e+00	3.5495294811053988e+00	2.7467600563252844e+01	
3.8572701161494223e+00	3.5495185223126682e+00	2.7467687008168969e+01	
3.8572787104735178e+00	3.5495097865916971e+00	2.7467755916828249e+01	
3.8572844836397731e+00	3.5495039184192887e+00	2.7467802205706203e+01	
3.8572869547909905e+00	3.5495014065940143e+00	2.7467822019258236e+01	
3.8572858587299881e+00	3.5495025206891606e+00	2.7467813231125593e+01	
3.8572811872046984e+00	3.5495072690822571e+00	2.7467775775169564e+01	
3.8572732007779731e+00	3.5495153868916565e+00	2.7467711740638265e+01	
3.8572624074923674e+00	3.5495263576722218e+00	2.7467625201080395e+01	
3.8572495101130992e+00	3.5495394670545615e+00	2.7467521791310659e+01	
3.8572353293261163e+00	3.5495538808244995e+00	2.7467408091585916e+01	
3.8572207146224273e+00	3.5495687355137737e+00	2.7467290913062623e+01	
3.8572064566790689e+00	3.5495832274616177e+00	2.7467176595272107e+01	
3.8571932143410095e+00	3.5495966870276527e+00	2.7467070420682152e+01	
3.8571814659951515e+00	3.5496086280067991e+00	2.7466976224842817e+01	
3.8571714900377656e+00	3.5496187674715585e+00	2.7466896239802360e+01	
3.8571633735204167e+00	3.5496270169751676e+00	2.7466831163449285e+01	
3.8571570432284665e+00	3.5496334509577459e+00	2.7466780408706533e+01	
3.8571523104086980e+00	3.5496382612832855e+00	2.7466742462153043e+01	
3.8571489195684037e+00	3.5496417076412530e+00	2.7466715275283008e+01	
3.8571465930441891e+00	3.5496440722492806e+00	2.7466696621844342e+01	
3.8571450657182367e+00	3.5496456245702106e+00	2.7466684376180854e+01	
3.8571441074447934e+00	3.5496465985199466e+00	2.7466676693038568e+01	
3.8571435336017177e+00	3.5496471817442190e+00	2.7466672092162892e+01	
3.8571432061417807e+00	3.5496475145507285e+00	2.7466669466726188e+01	
3.8571430283957087e+00	3.5496476951915192e+00	2.7466668041659112e+01	
3.8571429368096717e+00	3.5496477882609261e+00	2.7466667307403601e+01	
3.8571428921159558e+00	3.5496478336695159e+00	2.7466666949121485e+01	
3.8571428715124085e+00	3.5496478545927066e+00	2.7466666783991222e+01	
3.8571428625645621e+00	3.5496478636684841e+00	2.7466666712316702e+01	
3.8571428589137229e+00	3.5496478673595786e+00	2.7466666683115832e+01	
3.8571428575167941e+00	3.5496478687588366e+00	2.7466666671990126e+01	
3.8571428570144128e+00	3.5496478692477962e+00	2.7466666668040887e+01	
3.8571428568416022e+00	3.5496478694005935e+00	2.7466666666738611e+01	
3.8571428567807242e+00	3.5496478694383331e+00	2.7466666666338728e+01	
3.8571428567544186e+00	3.5496478694395308e+00	2.7466666666221400e+01	
3.8571428567374286e+00	3.5496478694297351e+00	2.7466666666184601e+01	
3.8571428567222017e+00	3.5496478694164821e+00	2.7466666666168322e+01	
3.8571428567066519e+00	3.5496478694017419e+00	2.7466666666156428e+01	
3.8571428566902082e+00	3.5496478693859217e+00	2.7466666666145009e+01	
3.8571428566726680e+00	3.5496478693690325e+00	2.7466666666133207e+01	
3.8571428566539008e+00	3.5496478693509914e+00	2.7466666666120808e+01	
3.8571428566337804e+00	3.5496478693316860e+00	2.7466666666107741e+01	
3.8571428566121715e+00	3.5496478693109927e+00	2.7466666666093946e+01	
3.8571428565889398e+00	3.5496478692887874e+00	2.7466666666079348e+01	
