3.8571450583735145e+00	3.5496420577625312e+00	2.7466693596345461e+01	
3.8571458235286062e+00	3.5496421765962829e+00	2.7466696769796719e+01	
3.8571475836120173e+00	3.5496410547932342e+00	2.7466708763788596e+01	
3.8571496654542545e+00	3.5496394316791582e+00	2.7466723969334229e+01	
3.8571521711932606e+00	3.5496372473730951e+00	2.7466743037389598e+01	
3.8571552007089784e+00	3.5496344345316029e+00	2.7466766638846515e+01	
3.8571588477600285e+00	3.5496309238718640e+00	2.7466795427289831e+01	
3.8571631946238680e+00	3.5496266511833987e+00	2.7466829989885969e+01	
3.8571683052987371e+00	3.5496215656575920e+00	2.7466870787307737e+01	
3.8571742175590988e+00	3.5496156391822495e+00	2.7466918085254733e+01	
3.8571809344094850e+00	3.5496088760308910e+00	2.7466971882002767e+01	
3.8571884157292997e+00	3.5496013221505156e+00	2.7467031838300322e+01	
3.8571965711089380e+00	3.5495930730547958e+00	2.7467097217539500e+01	
3.8572052550051943e+00	3.5495842792060999e+00	2.7467166845127892e+01	
3.8572142653507862e+00	3.5495751477634103e+00	2.7467239096040050e+01	
3.8572233466055721e+00	3.5495659397201789e+00	2.7467311918356931e+01	
3.8572321979187874e+00	3.5495569617754374e+00	2.7467382898066383e+01	
3.8572404865896233e+00	3.5495485527667543e+00	2.7467449366551076e+01	
3.8572478664047454e+00	3.5495410651080745e+00	2.7467508547326677e+01	
3.8572539997629791e+00	3.5495348423512416e+00	2.7467557733248498e+01	
3.8572585818610197e+00	3.5495301946340478e+00	2.7467594480313949e+01	
3.8572613647136018e+00	3.5495273742842075e+00	2.7467616800184608e+01	
3.8572621785163075e+00	3.5495265541167784e+00	2.7467623331431184e+01	
3.8572609479036433e+00	3.5495278109161479e+00	2.7467613469866244e+01	
3.8572577010414122e+00	3.5495311161998817e+00	2.7467587441431359e+01	
3.8572525701981442e+00	3.5495363356434773e+00	2.7467546306767314e+01	
3.8572457833856526e+00	3.5495432375832392e+00	2.7467491894177925e+01	
3.8572376477155426e+00	3.5495515099396782e+00	2.7467426666173505e+01	
3.8572285261298136e+00	3.5495607838753847e+00	2.7467353532889600e+01	
3.8572188099716027e+00	3.5495706616800331e+00	2.7467275632155037e+01	
3.8572088903369188e+00	3.5495807458926700e+00	2.7467196099789994e+01	
3.8571991312144442e+00	3.5495906666045887e+00	2.7467117854244851e+01	
3.8571898470718726e+00	3.5496001042408176e+00	2.7467043416894679e+01	
3.8571812868490345e+00	3.5496088058283299e+00	2.7466974783704860e+01	
3.8571736253933659e+00	3.5496165936991515e+00	2.7466913356569471e+01	
3.8571669623789684e+00	3.5496233665871051e+00	2.7466859934651293e+01	
3.8571613278455930e+00	3.5496290939965709e+00	2.7466814758797700e+01	
3.8571566928098435e+00	3.5496338054165806e+00	2.7466777596622688e+01	
3.8571529830186386e+00	3.5496375763418611e+00	2.7466747852780951e+01	
3.8571500938544543e+00	3.5496405131237987e+00	2.7466724688475253e+01	
3.8571479046251920e+00	3.5496427384472016e+00	2.7466707136028820e+01	
3.8571462908973730e+00	3.5496443787959167e+00	2.7466694197769165e+01	
3.8571451340571326e+00	3.5496455547360437e+00	2.7466684922684983e+01	
3.8571443278077449e+00	3.5496463743126778e+00	2.7466678458520956e+01	
3.8571437817543632e+00	3.5496469294070030e+00	2.7466674080518874e+01	
3.8571434225370389e+00	3.5496472945851170e+00	2.7466671200501544e+01	
3.8571431931367641e+00	3.5496475278036410e+00	2.7466669361308753e+01	
3.8571430510103060e+00	3.5496476723056354e+00	2.7466668221842799e+01	
3.8571429656409446e+00	3.5496477591101234e+00	2.7466667537430961e+01	
3.8571429159647153e+00	3.5496478096281039e+00	2.7466667139189830e+01	
3.8571428879839629e+00	3.5496478380881618e+00	2.7466666914891498e+01	
3.8571428727416679e+00	3.5496478535953830e+00	2.7466666792722226e+01	
3.8571428647191417e+00	3.5496478617599552e+00	2.7466666728435701e+01	
3.8571428606433438e+00	3.5496478659094262e+00	2.7466666695790412e+01	
3.8571428586465593e+00	3.5496478679428276e+00	2.7466666679812231e+01	
3.8571428577039830e+00	3.5496478689023285e+00	2.7466666672285108e+01	
3.8571428572753530e+00	3.5496478693375031e+00	2.7466666668877846e+01	
3.8571428570872737e+00	3.5496478695265892e+00	2.7466666667398819e+01	
3.8571428570070911e+00	3.5496478696047040e+00	2.7466666666784754e+01	
3.8571428569731676e+00	3.5496478696347196e+00	2.7466666666541720e+01	
3.8571428569581192e+00	3.5496478696446427e+00	2.7466666666450376e+01	
3.8571428569503325e+00	3.5496478696464111e+00	2.7466666666417801e+01	
3.8571428569451176e+00	3.5496478696448928e+00	2.7466666666406546e+01	
3.8571428569406758e+00	3.5496478696419929e+00	2.7466666666402322e+01	
3.8571428569363526e+00	3.5496478696384273e+00	2.7466666666400016e+01	
3.8571428569319246e+00	3.5496478696344647e+00	2.7466666666397956e+01	
3.8571428569273176e+00	3.5496478696302018e+00	2.7466666666395643e+01	
3.8571428569225068e+00	3.5496478696256779e+00	2.7466666666392992e+01	
3.8571428569174810e+00	3.5496478696209079e+00	2.7466666666390022e+01	
3.8571428569122319e+00	3.5496478696158982e+00	2.7466666666386757e+01	
3.8571428569067496e+00	3.5496478696106455e+00	2.7466666666383247e+01	
3.8571428569010249e+00	3.5496478696051499e+00	2.7466666666379506e+01	
3.8571428568950443e+00	3.5496478695994012e+00	2.7466666666375559e+01	
3.8571428568887938e+00	3.5496478695933900e+00	2.7466666666371417e+01	
3.8571428568822590e+00	3.5496478695871048e+00	2.7466666666367090e+01	
3.8571428568754200e+00	3.5496478695805305e+00	2.7466666666362578e+01	
3.8571428568682586e+00	3.5496478695736506e+00	2.7466666666357881e+01	
3.8571428568607531e+00	3.5496478695664471e+00	2.7466666666352992e+01	
3.8571428568528785e+00	3.5496478695588967e+00	2.7466666666347912e+01	
3.8571428568446100e+00	3.5496478695509777e+00	2.7466666666342626e+01	
3.8571428568359183e+00	3.5496478695426630e+00	2.7466666666337126e+01	
