1.0333333333322807e+01	9.2027907737290471e-01	2.6790123456759019e+00	
1.0333333333328557e+01	9.2027907737228343e-01	2.6790123456783133e+00	
1.0333333333339965e+01	9.2027907737086356e-01	2.6790123456824575e+00	
1.0333333333342891e+01	9.2027907737048964e-01	2.6790123456818660e+00	
1.0333333333336894e+01	9.2027907737116454e-01	2.6790123456765049e+00	
1.0333333333330671e+01	9.2027907737166492e-01	2.6790123456743387e+00	
1.0333333333329293e+01	9.2027907737126369e-01	2.6790123456799133e+00	
1.0333333333329861e+01	9.2027907737032677e-01	2.6790123456854875e+00	
1.0333333333327468e+01	9.2027907736953607e-01	2.6790123456807833e+00	
1.0333333333321471e+01	9.2027907736907144e-01	2.6790123456702895e+00	
1.0333333333315290e+01	9.2027907736865833e-01	2.6790123456702335e+00	
1.0333333333312281e+01	9.2027907736813408e-01	2.6790123456838231e+00	
1.0333333333313520e+01	9.2027907736774150e-01	2.6790123456912243e+00	
1.0333333333319239e+01	9.2027907736791503e-01	2.6790123456771373e+00	
1.0333333333330902e+01	9.2027907736894266e-01	2.6790123456598720e+00	
1.0333333333351295e+01	9.2027907737086478e-01	2.6790123456706856e+00	
1.0333333333382809e+01	9.2027907737356784e-01	2.6790123457028105e+00	
1.0333333333426074e+01	9.2027907737680403e-01	2.6790123457103827e+00	
1.0333333333479853e+01	9.2027907738001768e-01	2.6790123456765853e+00	
1.0333333333541722e+01	9.2027907738208414e-01	2.6790123456537849e+00	
1.0333333333608655e+01	9.2027907738111503e-01	2.6790123456942312e+00	
1.0333333333677832e+01	9.2027907737435177e-01	2.6790123457565436e+00	
1.0333333333748623e+01	9.2027907735808134e-01	2.6790123457463428e+00	
1.0333333333826829e+01	9.2027907732750913e-01	2.6790123456660644e+00	
1.0333333333931755e+01	9.2027907727655256e-01	2.6790123456457691e+00	
1.0333333334107172e+01	9.2027907719744506e-01	2.6790123457591264e+00	
1.0333333334438162e+01	9.2027907707984202e-01	2.6790123458786459e+00	
1.0333333335076945e+01	9.2027907690887722e-01	2.6790123458443378e+00	
1.0333333336281735e+01	9.2027907666140740e-01	2.6790123457587733e+00	
1.0333333338472633e+01	9.2027907629954031e-01	2.6790123459319770e+00	
1.0333333342309107e+01	9.2027907576036150e-01	2.6790123464586135e+00	
1.0333333348796369e+01	9.2027907494032068e-01	2.6790123470622480e+00	
1.0333333359438083e+01	9.2027907367137807e-01	2.6790123475928227e+00	
1.0333333376476542e+01	9.2027907168292478e-01	2.6790123485419954e+00	
1.0333333403306003e+01	9.2027906853782737e-01	2.6790123506996406e+00	
1.0333333445210846e+01	9.2027906352256039e-01	2.6790123543233699e+00	
1.0333333510660495e+01	9.2027905546135880e-01	2.6790123592367570e+00	
1.0333333613471041e+01	9.2027904241475889e-01	2.6790123661870293e+00	
1.0333333776210296e+01	9.2027902121497995e-01	2.6790123777750861e+00	
1.0333334035308862e+01	9.2027898678007736e-01	2.6790123976009479e+00	
1.0333334448564674e+01	9.2027893111943992e-01	2.6790124292024493e+00	
1.0333335106342357e+01	9.2027884186116249e-01	2.6790124776319146e+00	
1.0333336149137050e+01	9.2027869994788258e-01	2.6790125533677251e+00	
1.0333337796624988e+01	9.2027847581721200e-01	2.6790126749409793e+00	
1.0333340396812817e+01	9.2027812291197342e-01	2.6790128693179098e+00	
1.0333344507508301e+01	9.2027756687652817e-01	2.6790131754400197e+00	
1.0333351023917281e+01	9.2027668857642952e-01	2.6790136566598712e+00	
1.0333361362658261e+01	9.2027529954076426e-01	2.6790144194390137e+00	
1.0333377701523276e+01	9.2027310988601718e-01	2.6790156299544585e+00	
1.0333403257348476e+01	9.2026969104546985e-01	2.6790175271751826e+00	
1.0333442569881504e+01	9.2026443756484555e-01	2.6790204411783671e+00	
1.0333501763176319e+01	9.2025653174371047e-01	2.6790248211156915e+00	
1.0333588792989646e+01	9.2024490997422070e-01	2.6790312620968479e+00	
1.0333713755885766e+01	9.2022822066033705e-01	2.6790405213207156e+00	
1.0333889389291009e+01	9.2020475648255595e-01	2.6790535396757034e+00	
1.0334131836018809e+01	9.2017235129795738e-01	2.6790714986503943e+00	
1.0334461463210252e+01	9.2012827000412056e-01	2.6790959018456864e+00	
1.0334902961011409e+01	9.2006919534957676e-01	2.6791285934881728e+00	
1.0335483246959566e+01	9.1999150931134333e-01	2.6791715810954786e+00	
1.0336225316671463e+01	9.1989211814442529e-01	2.6792265521274321e+00	
1.0337136797775646e+01	9.1976998741030502e-01	2.6792940404567549e+00	
1.0338194156738123e+01	9.1962825936567405e-01	2.6793723031716969e+00	
1.0339327126604047e+01	9.1947634059746797e-01	2.6794561755512176e+00	
1.0340411538624721e+01	9.1933086461601798e-01	2.6795364826245303e+00	
1.0341279737348607e+01	9.1921430228148815e-01	2.6796007650501141e+00	
1.0341753572303034e+01	9.1915055404781609e-01	2.6796357687280929e+00	
1.0341695227784760e+01	9.1915815776413468e-01	2.6796312865377248e+00	
1.0341059433934316e+01	9.1924330767461104e-01	2.6795839949093847e+00	
1.0339923768092005e+01	9.1939579014827200e-01	2.6794995730276892e+00	
1.0338478257070861e+01	9.1959034325025057e-01	2.6793919183439994e+00	
1.0336972226230854e+01	9.1979371942932264e-01	2.6792794061789031e+00	
1.0335637904548879e+01	9.1997485318114658e-01	2.6791793928405987e+00	
1.0334623886485778e+01	9.2011371320827007e-01	2.6791030756573293e+00	
1.0333967200540648e+01	9.2020499270663314e-01	2.6790528769023272e+00	
1.0333611611762450e+01	9.2025561891903007e-01	2.6790232977674227e+00	
1.0333455212787337e+01	9.2027836290026621e-01	2.6790041735860748e+00	
1.0333398579827785e+01	9.2028541760569804e-01	2.6789840859422083e+00	
1.0333372085687365e+01	9.2028483579424003e-01	2.6789526497460896e+00	
1.0333339022728135e+01	9.2028029716217996e-01	2.6789024488336524e+00	
1.0333285301001547e+01	9.2027277590990775e-01	2.6788316460565911e+00	
1.0333208559441662e+01	9.2026238872263488e-01	2.6787456546983304e+00	
