3.8571581006139732e+00	3.5496029820506005e+00	2.7466866507238773e+01	
3.8571617846029378e+00	3.5496042707628717e+00	2.7466879035086748e+01	
3.8571698067744618e+00	3.5496003938686869e+00	2.7466929180381026e+01	
3.8571781295175649e+00	3.5495955161645627e+00	2.7466984330837882e+01	
3.8571867208900512e+00	3.5495897448151563e+00	2.7467043937866439e+01	
3.8571955112025842e+00	3.5495832314294011e+00	2.7467107127084475e+01	
3.8572043885008540e+00	3.5495761706473141e+00	2.7467172685588938e+01	
3.8572131978481816e+00	3.5495687965171894e+00	2.7467239073212866e+01	
3.8572217447949262e+00	3.5495613761451477e+00	2.7467304461358083e+01	
3.8572298030972165e+00	3.5495542003250073e+00	2.7467366800802743e+01	
3.8572371263729344e+00	3.5495475711884970e+00	2.7467423917067087e+01	
3.8572434629866241e+00	3.5495417873144968e+00	2.7467473628762846e+01	
3.8572485730756449e+00	3.5495371271463334e+00	2.7467513881211083e+01	
3.8572522463156078e+00	3.5495338319282732e+00	2.7467542884927312e+01	
3.8572543188233448e+00	3.5495320896245008e+00	2.7467559246778553e+01	
3.8572546875528770e+00	3.5495320213754753e+00	2.7467562081085088e+01	
3.8572533206805089e+00	3.5495336719458606e+00	2.7467551088902027e+01	
3.8572502628018470e+00	3.5495370053201389e+00	2.7467526596201317e+01	
3.8572456342512642e+00	3.5495419061314317e+00	2.7467489545486529e+01	
3.8572396244510880e+00	3.5495481870194627e+00	2.7467441440090063e+01	
3.8572324798306630e+00	3.5495556013806437e+00	2.7467384245436264e+01	
3.8572244874409352e+00	3.5495638603832571e+00	2.7467320256227435e+01	
3.8572159558476686e+00	3.5495726526574143e+00	2.7467251942171387e+01	
3.8572071951516680e+00	3.5495816647992524e+00	2.7467181786998388e+01	
3.8571984980210430e+00	3.5495906007897604e+00	2.7467112135816553e+01	
3.8571901234267512e+00	3.5495991986232216e+00	2.7467045064310945e+01	
3.8571822843815160e+00	3.5496072428353673e+00	2.7466982280165244e+01	
3.8571751404558374e+00	3.5496145721539500e+00	2.7466925062874264e+01	
3.8571687952632892e+00	3.5496210820833660e+00	2.7466874243461277e+01	
3.8571632985544690e+00	3.5496267227950526e+00	2.7466830221188758e+01	
3.8571586521080934e+00	3.5496314931520918e+00	2.7466793010741871e+01	
3.8571548183101960e+00	3.5496354319977121e+00	2.7466762310982862e+01	
3.8571517301907203e+00	3.5496386079601621e+00	2.7466737585402228e+01	
3.8571493017340162e+00	3.5496411089777720e+00	2.7466718144773584e+01	
3.8571474374640982e+00	3.5496430325603168e+00	2.7466703223998504e+01	
3.8571460405788285e+00	3.5496444775246987e+00	2.7466692047320265e+01	
3.8571450192158663e+00	3.5496455376291407e+00	2.7466683878560595e+01	
3.8571442907277191e+00	3.5496462972306526e+00	2.7466678055395327e+01	
3.8571437840860536e+00	3.5496468288437120e+00	2.7466674008631895e+01	
3.8571434407047871e+00	3.5496471923059576e+00	2.7466671268809545e+01	
3.8571432140618196e+00	3.5496474351648004e+00	2.7466669463167865e+01	
3.8571430685185231e+00	3.5496475938793637e+00	2.7466668306183227e+01	
3.8571429777009336e+00	3.5496476954678129e+00	2.7466667586591264e+01	
3.8571429227375713e+00	3.5496477593003375e+00	2.7466667153259859e+01	
3.8571428905656782e+00	3.5496477988225275e+00	2.7466666901610665e+01	
3.8571428724363774e+00	3.5496478230764854e+00	2.7466666761635487e+01	
3.8571428626803912e+00	3.5496478379570275e+00	2.7466666688001652e+01	
3.8571428577446363e+00	3.5496478471924817e+00	2.7466666652329220e+01	
3.8571428554769525e+00	3.5496478530731870e+00	2.7466666637457493e+01	
3.8571428546189916e+00	3.5496478569683436e+00	2.7466666633380424e+01	
3.8571428544620066e+00	3.5496478596771706e+00	2.7466666634488071e+01	
3.8571428546228304e+00	3.5496478616578231e+00	2.7466666637771567e+01	
3.8571428549039362e+00	3.5496478631707515e+00	2.7466666641702133e+01	
3.8571428552094988e+00	3.5496478643650344e+00	2.7466666645559073e+01	
3.8571428554970577e+00	3.5496478653284549e+00	2.7466666649043031e+01	
3.8571428557508085e+00	3.5496478661154853e+00	2.7466666652062681e+01	
3.8571428559674654e+00	3.5496478667624345e+00	2.7466666654622060e+01	
3.8571428561491090e+00	3.5496478672953957e+00	2.7466666656763813e+01	
3.8571428562997458e+00	3.5496478677343593e+00	2.7466666658542266e+01	
3.8571428564237649e+00	3.5496478680953363e+00	2.7466666660011473e+01	
3.8571428565252965e+00	3.5496478683914843e+00	2.7466666661220568e+01	
3.8571428566080006e+00	3.5496478686337665e+00	2.7466666662212447e+01	
3.8571428566750225e+00	3.5496478688313586e+00	2.7466666663023759e+01	
3.8571428567290309e+00	3.5496478689919533e+00	2.7466666663685523e+01	
3.8571428567722688e+00	3.5496478691219893e+00	2.7466666664223798e+01	
3.8571428568066133e+00	3.5496478692268445e+00	2.7466666664660387e+01	
3.8571428568336286e+00	3.5496478693110021e+00	2.7466666665013481e+01	
3.8571428568546122e+00	3.5496478693781812e+00	2.7466666665298181e+01	
3.8571428568706394e+00	3.5496478694314684e+00	2.7466666665527022e+01	
3.8571428568825974e+00	3.5496478694734104e+00	2.7466666665710342e+01	
3.8571428568912127e+00	3.5496478695061020e+00	2.7466666665856675e+01	
3.8571428568970845e+00	3.5496478695312668e+00	2.7466666665973023e+01	
3.8571428569006971e+00	3.5496478695503102e+00	2.7466666666065123e+01	
3.8571428569024473e+00	3.5496478695643821e+00	2.7466666666137666e+01	
3.8571428569026542e+00	3.5496478695744154e+00	2.7466666666194467e+01	
3.8571428569015742e+00	3.5496478695811655e+00	2.7466666666238631e+01	
3.8571428568994128e+00	3.5496478695852418e+00	2.7466666666272662e+01	
3.8571428568963326e+00	3.5496478695871332e+00	2.7466666666298590e+01	
3.8571428568924602e+00	3.5496478695872304e+00	2.7466666666318044e+01	
3.8571428568878927e+00	3.5496478695858431e+00	2.7466666666332330e+01	
3.8571428568827062e+00	3.5496478695832159e+00	2.7466666666342505e+01	
