1.0333333330601805e+01	9.2027907787688146e-01	2.6790123446908618e+00	
1.0333333332124969e+01	9.2027907772986928e-01	2.6790123453462664e+00	
1.0333333335929783e+01	9.2027907726815061e-01	2.6790123467950555e+00	
1.0333333336557319e+01	9.2027907720664914e-01	2.6790123467717883e+00	
1.0333333334420248e+01	9.2027907747034388e-01	2.6790123449967038e+00	
1.0333333332563207e+01	9.2027907762995165e-01	2.6790123440341005e+00	
1.0333333332376117e+01	9.2027907747937199e-01	2.6790123457361781e+00	
1.0333333332608715e+01	9.2027907717296875e-01	2.6790123478441417e+00	
1.0333333331625349e+01	9.2027907693070943e-01	2.6790123466410365e+00	
1.0333333329360721e+01	9.2027907678442378e-01	2.6790123430050059e+00	
1.0333333326995437e+01	9.2027907662928510e-01	2.6790123423852505e+00	
1.0333333325522508e+01	9.2027907642194551e-01	2.6790123467107123e+00	
1.0333333325155456e+01	9.2027907626178418e-01	2.6790123498058547e+00	
1.0333333325916497e+01	9.2027907630699446e-01	2.6790123456443382e+00	
1.0333333328315666e+01	9.2027907666820552e-01	2.6790123392039353e+00	
1.0333333333268648e+01	9.2027907739099934e-01	2.6790123415081464e+00	
1.0333333341469803e+01	9.2027907849683876e-01	2.6790123521615303e+00	
1.0333333352898601e+01	9.2027907999239233e-01	2.6790123561019992e+00	
1.0333333366715458e+01	9.2027908181721740e-01	2.6790123453077657e+00	
1.0333333381276830e+01	9.2027908377477563e-01	2.6790123354853965e+00	
1.0333333393993211e+01	9.2027908549794235e-01	2.6790123462004689e+00	
1.0333333401113176e+01	9.2027908645752288e-01	2.6790123670175046e+00	
1.0333333397743271e+01	9.2027908599632935e-01	2.6790123650964444e+00	
1.0333333378319258e+01	9.2027908338579067e-01	2.6790123352860205e+00	
1.0333333337539164e+01	9.2027907792671848e-01	2.6790123183918939e+00	
1.0333333271688241e+01	9.2027906911713619e-01	2.6790123439694464e+00	
1.0333333180319663e+01	9.2027905688754463e-01	2.6790123732682800e+00	
1.0333333068238309e+01	9.2027904187849596e-01	2.6790123443137177e+00	
1.0333332947579594e+01	9.2027902571901699e-01	2.6790122748889740e+00	
1.0333332839545387e+01	9.2027901125124412e-01	2.6790122604041291e+00	
1.0333332775163429e+01	9.2027900262747053e-01	2.6790123336965230e+00	
1.0333332794324988e+01	9.2027900518318684e-01	2.6790123882627426e+00	
1.0333332942324917e+01	9.2027902497667413e-01	2.6790123239461572e+00	
1.0333333263198325e+01	9.2027906789558689e-01	2.6790122330830162e+00	
1.0333333789393093e+01	9.2027913827110408e-01	2.6790123086200648e+00	
1.0333334527833504e+01	9.2027923701370717e-01	2.6790125390297841e+00	
1.0333335443276184e+01	9.2027935939357763e-01	2.6790126573360000e+00	
1.0333336441021286e+01	9.2027949273359055e-01	2.6790125224766288e+00	
1.0333337352420330e+01	9.2027961445846129e-01	2.6790124030289850e+00	
1.0333337928024669e+01	9.2027969113206176e-01	2.6790126214982237e+00	
1.0333337844352041e+01	9.2027967928263010e-01	2.6790129679460191e+00	
1.0333336730728087e+01	9.2027952891140985e-01	2.6790128483356068e+00	
1.0333334222065666e+01	9.2027919053206209e-01	2.6790121648013465e+00	
1.0333330041375120e+01	9.2027862630574453e-01	2.6790116222534284e+00	
1.0333324111854921e+01	9.2027782523782709e-01	2.6790117231768442e+00	
1.0333316692205885e+01	9.2027682145251555e-01	2.6790117952674977e+00	
1.0333308520192150e+01	9.2027571328498581e-01	2.6790108131402715e+00	
1.0333300938890488e+01	9.2027467940247654e-01	2.6790091965414957e+00	
1.0333295968705301e+01	9.2027398656308901e-01	2.6790087368847795e+00	
1.0333296277820434e+01	9.2027398230685187e-01	2.6790101327716540e+00	
1.0333304996452647e+01	9.2027506539849468e-01	2.6790116824004309e+00	
1.0333325318643924e+01	9.2027762787435774e-01	2.6790118458966088e+00	
1.0333359843581830e+01	9.2028196569925469e-01	2.6790124186087061e+00	
1.0333409636469876e+01	9.2028816018315895e-01	2.6790167893090908e+00	
1.0333473056140225e+01	9.2029593759689243e-01	2.6790245462212550e+00	
1.0333544523619294e+01	9.2030451697851290e-01	2.6790306308050882e+00	
1.0333613588106134e+01	9.2031245559862485e-01	2.6790320188024093e+00	
1.0333664822961513e+01	9.2031750390353273e-01	2.6790325741017575e+00	
1.0333679126479678e+01	9.2031649926402559e-01	2.6790367839513713e+00	
1.0333636755606410e+01	9.2030537399238710e-01	2.6790397938737054e+00	
1.0333521826414389e+01	9.2027942805726326e-01	2.6790305243223123e+00	
1.0333327303281687e+01	9.2023408119416505e-01	2.6790073378118753e+00	
1.0333059284369602e+01	9.2016627829973863e-01	2.6789832481449878e+00	
1.0332740418064168e+01	9.2007646714119218e-01	2.6789683179951633e+00	
1.0332414770593852e+01	9.1997057288193917e-01	2.6789533284309295e+00	
1.0332159288113351e+01	9.1986082020091753e-01	2.6789253418644217e+00	
1.0332107114266396e+01	9.1976401908591010e-01	2.6789006118453598e+00	
1.0332480929925994e+01	9.1969667983097614e-01	2.6789252855013377e+00	
1.0333617248742723e+01	9.1966853811091809e-01	2.6790337952520504e+00	
1.0335940035634495e+01	9.1967917445433711e-01	2.6792230673879933e+00	
1.0339832360208179e+01	9.1972395742611690e-01	2.6794857268523935e+00	
1.0345387212024523e+01	9.1981166281283633e-01	2.6798449727249096e+00	
1.0352112510700163e+01	9.1998435826799374e-01	2.6803014190424657e+00	
1.0358786585798617e+01	9.2031512032810692e-01	2.6807339872568257e+00	
1.0363685983773557e+01	9.2085722851477891e-01	2.6809267250774544e+00	
1.0365192715884019e+01	9.2154890480073126e-01	2.6807687188120517e+00	
1.0362381379477261e+01	9.2213376107507861e-01	2.6803853371330000e+00	
1.0354987126063952e+01	9.2218504124145773e-01	2.6799485702015988e+00	
1.0342634059955209e+01	9.2125869482135436e-01	2.6793125499592731e+00	
1.0324152340338491e+01	9.1907492231089127e-01	2.6779047135252383e+00	
1.0298141373204521e+01	9.1560414449192340e-01	2.6752936397683365e+00	
