3.8571428571428692e+00	3.5496478698597493e+00	2.7466666666666782e+01	
3.8571428571428803e+00	3.5496478698597396e+00	2.7466666666666864e+01	
3.8571428571429140e+00	3.5496478698597089e+00	2.7466666666667130e+01	
3.8571428571429887e+00	3.5496478698596357e+00	2.7466666666667720e+01	
3.8571428571431516e+00	3.5496478698594700e+00	2.7466666666669024e+01	
3.8571428571435100e+00	3.5496478698591050e+00	2.7466666666671898e+01	
3.8571428571442898e+00	3.5496478698583123e+00	2.7466666666678154e+01	
3.8571428571459689e+00	3.5496478698566065e+00	2.7466666666691619e+01	
3.8571428571495416e+00	3.5496478698529765e+00	2.7466666666720258e+01	
3.8571428571570454e+00	3.5496478698453497e+00	2.7466666666780423e+01	
3.8571428571726103e+00	3.5496478698295295e+00	2.7466666666905219e+01	
3.8571428572044693e+00	3.5496478697971487e+00	2.7466666667160659e+01	
3.8571428572687951e+00	3.5496478697317695e+00	2.7466666667676410e+01	
3.8571428573968647e+00	3.5496478696016034e+00	2.7466666668703233e+01	
3.8571428576481956e+00	3.5496478693461584e+00	2.7466666670718336e+01	
3.8571428581341847e+00	3.5496478688522135e+00	2.7466666674614871e+01	
3.8571428590597985e+00	3.5496478679114452e+00	2.7466666682036202e+01	
3.8571428607955847e+00	3.5496478661472404e+00	2.7466666695953286e+01	
3.8571428639993797e+00	3.5496478628909922e+00	2.7466666721640486e+01	
3.8571428698173431e+00	3.5496478569777783e+00	2.7466666768287400e+01	
3.8571428802080892e+00	3.5496478464169150e+00	2.7466666851597708e+01	
3.8571428984520293e+00	3.5496478278742845e+00	2.7466666997872892e+01	
3.8571429299300073e+00	3.5496477958809494e+00	2.7466667250255149e+01	
3.8571429832786945e+00	3.5496477416588341e+00	2.7466667677991097e+01	
3.8571430720500461e+00	3.5496476514341095e+00	2.7466668389736792e+01	
3.8571432170096411e+00	3.5496475041012108e+00	2.7466669551985284e+01	
3.8571434491906560e+00	3.5496472681188571e+00	2.7466671413552621e+01	
3.8571438137584328e+00	3.5496468975821904e+00	2.7466674336562953e+01	
3.8571443746141227e+00	3.5496463275437078e+00	2.7466678833359534e+01	
3.8571452194550626e+00	3.5496454688699286e+00	2.7466685607077750e+01	
3.8571464647035167e+00	3.5496442032317654e+00	2.7466695591162939e+01	
3.8571482593235227e+00	3.5496423792248160e+00	2.7466709979973775e+01	
3.8571507861101839e+00	3.5496398110583556e+00	2.7466730239120920e+01	
3.8571542586440088e+00	3.5496362816499207e+00	2.7466758081049907e+01	
3.8571589118912546e+00	3.5496315521775608e+00	2.7466795389680144e+01	
3.8571649845754776e+00	3.5496253799953710e+00	2.7466844079068135e+01	
3.8571726921291476e+00	3.5496175461233088e+00	2.7466905876543706e+01	
3.8571821903925461e+00	3.5496078921420819e+00	2.7466982031658222e+01	
3.8571935322717339e+00	3.5495963642461938e+00	2.7467072968675957e+01	
3.8572066221079249e+00	3.5495830596261611e+00	2.7467177920708728e+01	
3.8572211751040850e+00	3.5495682677145952e+00	2.7467294604389249e+01	
3.8572366911173748e+00	3.5495524968345999e+00	2.7467419009718508e+01	
3.8572524526408030e+00	3.5495364762639423e+00	2.7467545383854052e+01	
3.8572675551232614e+00	3.5495211254279648e+00	2.7467666474187325e+01	
3.8572809735321467e+00	3.5495074862477818e+00	2.7467774062025178e+01	
3.8572916625012028e+00	3.5494966213404258e+00	2.7467859765578734e+01	
3.8572986795771529e+00	3.5494894887288462e+00	2.7467916028182199e+01	
3.8573013137544536e+00	3.5494868111693916e+00	2.7467937148927621e+01	
3.8572991968025443e+00	3.5494889629709605e+00	2.7467920175327894e+01	
3.8572923747318324e+00	3.5494958973420405e+00	2.7467865476349861e+01	
3.8572813220591051e+00	3.5495071318964153e+00	2.7467776856778748e+01	
3.8572668917938464e+00	3.5495217995114774e+00	2.7467661156161764e+01	
3.8572502071592609e+00	3.5495387584178708e+00	2.7467527380568800e+01	
3.8572325137204371e+00	3.5495567425287406e+00	2.7467385516911861e+01	
3.8572150193294195e+00	3.5495745241380718e+00	2.7467245249614521e+01	
3.8571987515400976e+00	3.5495910588445598e+00	2.7467114817392154e+01	
3.8571844571652769e+00	3.5496055876275379e+00	2.7467000207952808e+01	
3.8571725578913032e+00	3.5496176819397705e+00	2.7466904802170532e+01	
3.8571631625150888e+00	3.5496272312516193e+00	2.7466829472240544e+01	
3.8571561242608827e+00	3.5496343847835488e+00	2.7466773041258119e+01	
3.8571511239514891e+00	3.5496394669682010e+00	2.7466732950075272e+01	
3.8571477580601781e+00	3.5496428879572708e+00	2.7466705963277388e+01	
3.8571456143590752e+00	3.5496450667375359e+00	2.7466688775705709e+01	
3.8571443249384996e+00	3.5496463772467521e+00	2.7466678437545269e+01	
3.8571435941090999e+00	3.5496471200171880e+00	2.7466672578031329e+01	
3.8571432048244407e+00	3.5496475156493856e+00	2.7466669456940586e+01	
3.8571430105624267e+00	3.5496477130644166e+00	2.7466667899496802e+01	
3.8571429200727989e+00	3.5496478050064217e+00	2.7466667174079433e+01	
3.8571428808910255e+00	3.5496478447987450e+00	2.7466666860042015e+01	
3.8571428651947230e+00	3.5496478607191135e+00	2.7466666734312540e+01	
3.8571428594058910e+00	3.5496478665676352e+00	2.7466666688026869e+01	
3.8571428574476201e+00	3.5496478685204975e+00	2.7466666672462740e+01	
3.8571428568373185e+00	3.5496478691006943e+00	2.7466666667716325e+01	
3.8571428566547241e+00	3.5496478692432767e+00	2.7466666666410273e+01	
3.8571428565925889e+00	3.5496478692602205e+00	2.7466666666082332e+01	
3.8571428565593253e+00	3.5496478692442741e+00	2.7466666665999490e+01	
3.8571428565307739e+00	3.5496478692196471e+00	2.7466666665969388e+01	
3.8571428565013259e+00	3.5496478691917441e+00	2.7466666665948203e+01	
3.8571428564698822e+00	3.5496478691615985e+00	2.7466666665927441e+01	
3.8571428564364894e+00	3.5496478691295783e+00	2.7466666665905834e+01	
3.8571428564019086e+00	3.5496478690964253e+00	2.7466666665883526e+01	
