3.8571428577191189e+00	3.5496478686348123e+00	2.7466666672871728e+01	
3.8571428580590923e+00	3.5496478685516282e+00	2.7466666674780608e+01	
3.8571428589881895e+00	3.5496478677550329e+00	2.7466666681815486e+01	
3.8571428605356326e+00	3.5496478662669699e+00	2.7466666694018173e+01	
3.8571428631693165e+00	3.5496478636400934e+00	2.7466666715037466e+01	
3.8571428676410116e+00	3.5496478591256659e+00	2.7466666750847057e+01	
3.8571428751558896e+00	3.5496478515071139e+00	2.7466666811082032e+01	
3.8571428876230556e+00	3.5496478388486348e+00	2.7466666911035180e+01	
3.8571429080201662e+00	3.5496478181263535e+00	2.7466667074573756e+01	
3.8571429409128766e+00	3.5496477847013104e+00	2.7466667338300752e+01	
3.8571429931765979e+00	3.5496477315863846e+00	2.7466667757339980e+01	
3.8571430749716571e+00	3.5496476484554274e+00	2.7466668413153720e+01	
3.8571432010200351e+00	3.5496475203457689e+00	2.7466669423778789e+01	
3.8571433922179992e+00	3.5496473260192420e+00	2.7466670956756065e+01	
3.8571436775888643e+00	3.5496470359774839e+00	2.7466673244787085e+01	
3.8571440965282524e+00	3.5496466101799200e+00	2.7466676603735994e+01	
3.8571447012161157e+00	3.5496459955922224e+00	2.7466681451968583e+01	
3.8571455589638846e+00	3.5496451238006617e+00	2.7466688329171298e+01	
3.8571467541351403e+00	3.5496439090598590e+00	2.7466697911751044e+01	
3.8571483891359888e+00	3.5496422472859939e+00	2.7466711020776199e+01	
3.8571505838387798e+00	3.5496400166421953e+00	2.7466728617356946e+01	
3.8571534727132426e+00	3.5496370804539179e+00	2.7466751779644504e+01	
3.8571571989350799e+00	3.5496332931962336e+00	2.7466781655596730e+01	
3.8571619048706074e+00	3.5496285101643421e+00	2.7466819386687860e+01	
3.8571677186388058e+00	3.5496226011309644e+00	2.7466866000167816e+01	
3.8571747369522917e+00	3.5496154677860989e+00	2.7466922271485966e+01	
3.8571830051249107e+00	3.5496070640571968e+00	2.7466988563996054e+01	
3.8571924959466051e+00	3.5495974175816856e+00	2.7467064659576746e+01	
3.8572030899503886e+00	3.5495866497659332e+00	2.7467149600410600e+01	
3.8572145602647172e+00	3.5495749911851022e+00	2.7467241567524528e+01	
3.8572265655591829e+00	3.5495627887580516e+00	2.7467337824218394e+01	
3.8572386543613075e+00	3.5495505013648154e+00	2.7467434750664722e+01	
3.8572502831146509e+00	3.5495386814960783e+00	2.7467527988686733e+01	
3.8572608487440627e+00	3.5495279421546426e+00	2.7467612702858705e+01	
3.8572697343285691e+00	3.5495189104300460e+00	2.7467683946710562e+01	
3.8572763640609335e+00	3.5495121716297557e+00	2.7467737103401348e+01	
3.8572802614386870e+00	3.5495082101226663e+00	2.7467768352309175e+01	
3.8572811030898242e+00	3.5495073546189229e+00	2.7467775100621886e+01	
3.8572787602404199e+00	3.5495097360132646e+00	2.7467756315836528e+01	
3.8572733208555885e+00	3.5495152648776997e+00	2.7467712703288203e+01	
3.8572650879217050e+00	3.5495236332113169e+00	2.7467646692368028e+01	
3.8572545528516229e+00	3.5495343414813041e+00	2.7467562223268018e+01	
3.8572423469618897e+00	3.5495467479549592e+00	2.7467464357904088e+01	
3.8572291776019627e+00	3.5495601336307852e+00	2.7467358767783434e+01	
3.8572157580388011e+00	3.5495737735125448e+00	2.7467251171813125e+01	
3.8572027410592415e+00	3.5495870040985800e+00	2.7467146803930817e+01	
3.8571906652578405e+00	3.5495992779718670e+00	2.7467049982458164e+01	
3.8571799203659447e+00	3.5496101990327737e+00	2.7466963832131579e+01	
3.8571707343545714e+00	3.5496195355997617e+00	2.7466890180713744e+01	
3.8571631812251446e+00	3.5496272124841677e+00	2.7466829621473440e+01	
3.8571572051988334e+00	3.5496332863999713e+00	2.7466781707140456e+01	
3.8571526550269648e+00	3.5496379110892251e+00	2.7466745225003102e+01	
3.8571493216257133e+00	3.5496412990707920e+00	2.7466718498654306e+01	
3.8571469730688484e+00	3.5496436860754681e+00	2.7466699668552668e+01	
3.8571453827396596e+00	3.5496453024343864e+00	2.7466686917734467e+01	
3.8571443485906869e+00	3.5496463535051288e+00	2.7466678626230561e+01	
3.8571437034550224e+00	3.5496470091924941e+00	2.7466673453737691e+01	
3.8571433178178953e+00	3.5496474011321002e+00	2.7466670361839068e+01	
3.8571430972306264e+00	3.5496476253190918e+00	2.7466668593269361e+01	
3.8571429766732255e+00	3.5496477478380086e+00	2.7466667626715115e+01	
3.8571429138271305e+00	3.5496478117002410e+00	2.7466667122877134e+01	
3.8571428826373624e+00	3.5496478433873109e+00	2.7466666872853470e+01	
3.8571428679312647e+00	3.5496478583202493e+00	2.7466666754993838e+01	
3.8571428613579233e+00	3.5496478649866519e+00	2.7466666702342920e+01	
3.8571428585783516e+00	3.5496478677965015e+00	2.7466666680112017e+01	
3.8571428574677760e+00	3.5496478689093123e+00	2.7466666671265411e+01	
3.8571428570475863e+00	3.5496478693196649e+00	2.7466666667957075e+01	
3.8571428568949271e+00	3.5496478694572824e+00	2.7466666666796858e+01	
3.8571428568388839e+00	3.5496478694958196e+00	2.7466666666414660e+01	
3.8571428568150528e+00	3.5496478695006655e+00	2.7466666666294358e+01	
3.8571428568008872e+00	3.5496478694946627e+00	2.7466666666255470e+01	
3.8571428567890775e+00	3.5496478694851601e+00	2.7466666666239703e+01	
3.8571428567774220e+00	3.5496478694743065e+00	2.7466666666229749e+01	
3.8571428567652850e+00	3.5496478694626465e+00	2.7466666666220902e+01	
3.8571428567524668e+00	3.5496478694502747e+00	2.7466666666211989e+01	
3.8571428567388732e+00	3.5496478694371620e+00	2.7466666666202737e+01	
3.8571428567244266e+00	3.5496478694232501e+00	2.7466666666193063e+01	
3.8571428567090447e+00	3.5496478694084654e+00	2.7466666666182913e+01	
3.8571428566926396e+00	3.5496478693927243e+00	2.7466666666172266e+01	
3.8571428566751118e+00	3.5496478693759372e+00	2.7466666666161057e+01	
3.8571428566563490e+00	3.5496478693579991e+00	2.7466666666149248e+01	
