3.8571655322891161e+00	3.5495787178010905e+00	2.7466970807378477e+01	
3.8571702305744848e+00	3.5495806668470289e+00	2.7466985589224251e+01	
3.8571803151492277e+00	3.5495763926728738e+00	2.7467046387658812e+01	
3.8571904009179905e+00	3.5495713619246256e+00	2.7467110046369168e+01	
3.8572003400946824e+00	3.5495657506403999e+00	2.7467175274015396e+01	
3.8572099612808266e+00	3.5495597826190424e+00	2.7467240497691908e+01	
3.8572190710357743e+00	3.5495537194626614e+00	2.7467303908292841e+01	
3.8572274591445876e+00	3.5495478478967382e+00	2.7467363531440029e+01	
3.8572349074505063e+00	3.5495424648250586e+00	2.7467417321668279e+01	
3.8572412016681579e+00	3.5495378608166890e+00	2.7467463274765873e+01	
3.8572461451877387e+00	3.5495343029772179e+00	2.7467499550555043e+01	
3.8572495735661922e+00	3.5495320183629637e+00	2.7467524596306816e+01	
3.8572513682243486e+00	3.5495311792179889e+00	2.7467537259804281e+01	
3.8572514678567686e+00	3.5495318913055978e+00	2.7467536881046197e+01	
3.8572498762260858e+00	3.5495341864495025e+00	2.7467523352864962e+01	
3.8572466653447481e+00	3.5495380200929114e+00	2.7467497143269473e+01	
3.8572419735111163e+00	3.5495432742520343e+00	2.7467459275888508e+01	
3.8572359982099775e+00	3.5495497657301698e+00	2.7467411269080049e+01	
3.8572289844423588e+00	3.5495572589336506e+00	2.7467355038567408e+01	
3.8572212095440541e+00	3.5495654821612765e+00	2.7467292772298329e+01	
3.8572129659210623e+00	3.5495741458900061e+00	2.7467226789078040e+01	
3.8572045433244648e+00	3.5495829614010144e+00	2.7467159394011865e+01	
3.8571962122834553e+00	3.5495916581065954e+00	2.7467092743713231e+01	
3.8571882101184909e+00	3.5495999981457778e+00	2.7467028732627121e+01	
3.8571807305999997e+00	3.5496077871823037e+00	2.7466968908947024e+01	
3.8571739178571769e+00	3.5496148808077344e+00	2.7466914424905553e+01	
3.8571678646440493e+00	3.5496211864569327e+00	2.7466866022235500e+01	
3.8571626146052140e+00	3.5496266612134515e+00	2.7466824049879186e+01	
3.8571581678103426e+00	3.5496313062594029e+00	2.7466788508040693e+01	
3.8571544885847380e+00	3.5496351589676767e+00	2.7466759110745482e+01	
3.8571515145693400e+00	3.5496382837276732e+00	2.7466735358328002e+01	
3.8571491659901245e+00	3.5496407625465358e+00	2.7466716611647726e+01	
3.8571473542766808e+00	3.5496426863039758e+00	2.7466702161121557e+01	
3.8571459894029556e+00	3.5496441473006271e+00	2.7466691285534509e+01	
3.8571449855855882e+00	3.5496452334723436e+00	2.7466683297698008e+01	
3.8571442652262191e+00	3.5496460243871968e+00	2.7466677576039459e+01	
3.8571437611926642e+00	3.5496465889295319e+00	2.7466673582880517e+01	
3.8571434176815789e+00	3.5496469844250975e+00	2.7466670871346736e+01	
3.8571431899869535e+00	3.5496472568779085e+00	2.7466669083507576e+01	
3.8571430435203267e+00	3.5496474419675335e+00	2.7466667942518864e+01	
3.8571429524031515e+00	3.5496475664812444e+00	2.7466667241336225e+01	
3.8571428978960167e+00	3.5496476499120444e+00	2.7466666830121262e+01	
3.8571428668597569e+00	3.5496477060243867e+00	2.7466666603904052e+01	
3.8571428503735699e+00	3.5496477442604113e+00	2.7466666491504739e+01	
3.8571428425744001e+00	3.5496477709213625e+00	2.7466666446229503e+01	
3.8571428397351246e+00	3.5496477901063774e+00	2.7466666438481290e+01	
3.8571428395675915e+00	3.5496478044227455e+00	2.7466666450173452e+01	
3.8571428407189052e+00	3.5496478154998083e+00	2.7466666470692815e+01	
3.8571428424224994e+00	3.5496478243455041e+00	2.7466666494103826e+01	
3.8571428442660647e+00	3.5496478315841284e+00	2.7466666517289578e+01	
3.8571428460432133e+00	3.5496478376089406e+00	2.7466666538764180e+01	
3.8571428476623173e+00	3.5496478426766034e+00	2.7466666557943501e+01	
3.8571428490926527e+00	3.5496478469636283e+00	2.7466666574714939e+01	
3.8571428503338505e+00	3.5496478505990718e+00	2.7466666589193959e+01	
3.8571428513992845e+00	3.5496478536829494e+00	2.7466666601592383e+01	
3.8571428523074673e+00	3.5496478562964535e+00	2.7466666612150689e+01	
3.8571428530778333e+00	3.5496478585075879e+00	2.7466666621105489e+01	
3.8571428537288375e+00	3.5496478603743769e+00	2.7466666628675444e+01	
3.8571428542772117e+00	3.5496478619467839e+00	2.7466666635056367e+01	
3.8571428547377744e+00	3.5496478632679946e+00	2.7466666640420701e+01	
3.8571428551234810e+00	3.5496478643753422e+00	2.7466666644918838e+01	
3.8571428554455727e+00	3.5496478653010621e+00	2.7466666648681105e+01	
3.8571428557137528e+00	3.5496478660729234e+00	2.7466666651819988e+01	
3.8571428559363654e+00	3.5496478667147882e+00	2.7466666654432192e+01	
3.8571428561205643e+00	3.5496478672471041e+00	2.7466666656600612e+01	
3.8571428562724597e+00	3.5496478676873395e+00	2.7466666658396090e+01	
3.8571428563972581e+00	3.5496478680503794e+00	2.7466666659878989e+01	
3.8571428564993813e+00	3.5496478683488655e+00	2.7466666661100575e+01	
3.8571428565825729e+00	3.5496478685935102e+00	2.7466666662104295e+01	
3.8571428566499955e+00	3.5496478687933579e+00	2.7466666662926833e+01	
3.8571428567043116e+00	3.5496478689560278e+00	2.7466666663599106e+01	
3.8571428567477541e+00	3.5496478690879152e+00	2.7466666664147070e+01	
3.8571428567821937e+00	3.5496478691943780e+00	2.7466666664592466e+01	
3.8571428568091886e+00	3.5496478692798878e+00	2.7466666664953454e+01	
3.8571428568300372e+00	3.5496478693481666e+00	2.7466666665245150e+01	
3.8571428568458126e+00	3.5496478694023037e+00	2.7466666665480108e+01	
3.8571428568574033e+00	3.5496478694448550e+00	2.7466666665668740e+01	
3.8571428568655395e+00	3.5496478694779299e+00	2.7466666665819613e+01	
3.8571428568708197e+00	3.5496478695032625e+00	2.7466666665939815e+01	
3.8571428568737334e+00	3.5496478695222731e+00	2.7466666666035135e+01	
3.8571428568746757e+00	3.5496478695361215e+00	2.7466666666110335e+01	
