1.0333333333333714e+01	9.2027907737099257e-01	2.6790123456790722e+00	
1.0333333333333909e+01	9.2027907737096704e-01	2.6790123456790997e+00	
1.0333333333334338e+01	9.2027907737090864e-01	2.6790123456791148e+00	
1.0333333333335064e+01	9.2027907737080938e-01	2.6790123456791233e+00	
1.0333333333336123e+01	9.2027907737066450e-01	2.6790123456791872e+00	
1.0333333333337720e+01	9.2027907737044645e-01	2.6790123456793515e+00	
1.0333333333340290e+01	9.2027907737009873e-01	2.6790123456795851e+00	
1.0333333333344450e+01	9.2027907736953818e-01	2.6790123456798511e+00	
1.0333333333351122e+01	9.2027907736864500e-01	2.6790123456802646e+00	
1.0333333333361722e+01	9.2027907736722969e-01	2.6790123456810573e+00	
1.0333333333378585e+01	9.2027907736498171e-01	2.6790123456824197e+00	
1.0333333333405461e+01	9.2027907736140113e-01	2.6790123456844643e+00	
1.0333333333448302e+01	9.2027907735569248e-01	2.6790123456875143e+00	
1.0333333333516507e+01	9.2027907734659586e-01	2.6790123456924224e+00	
1.0333333333625006e+01	9.2027907733211078e-01	2.6790123457005453e+00	
1.0333333333797514e+01	9.2027907730905700e-01	2.6790123457135673e+00	
1.0333333334071769e+01	9.2027907727237357e-01	2.6790123457339048e+00	
1.0333333334507934e+01	9.2027907721399516e-01	2.6790123457658983e+00	
1.0333333335201994e+01	9.2027907712105683e-01	2.6790123458171000e+00	
1.0333333336307179e+01	9.2027907697303157e-01	2.6790123458992730e+00	
1.0333333338067796e+01	9.2027907673720022e-01	2.6790123460301469e+00	
1.0333333340872718e+01	9.2027907636149686e-01	2.6790123462377649e+00	
1.0333333345339915e+01	9.2027907576319745e-01	2.6790123465679607e+00	
1.0333333352450667e+01	9.2027907481095783e-01	2.6790123470944898e+00	
1.0333333363763943e+01	9.2027907329612224e-01	2.6790123479333561e+00	
1.0333333381760220e+01	9.2027907088669791e-01	2.6790123492671558e+00	
1.0333333410393337e+01	9.2027906705348084e-01	2.6790123513874065e+00	
1.0333333455973088e+01	9.2027906095189593e-01	2.6790123547622695e+00	
1.0333333528567273e+01	9.2027905123429554e-01	2.6790123601397884e+00	
1.0333333644211363e+01	9.2027903575412595e-01	2.6790123687080256e+00	
1.0333333828366829e+01	9.2027901110293120e-01	2.6790123823500802e+00	
1.0333334121306832e+01	9.2027897188932961e-01	2.6790124040471408e+00	
1.0333334586475086e+01	9.2027890961996595e-01	2.6790124385015655e+00	
1.0333335323410017e+01	9.2027881096931385e-01	2.6790124930908923e+00	
1.0333336487586935e+01	9.2027865512337148e-01	2.6790125793304438e+00	
1.0333338320490084e+01	9.2027840975392938e-01	2.6790127151013192e+00	
1.0333341194271066e+01	9.2027802504020673e-01	2.6790129279683574e+00	
1.0333345676240986e+01	9.2027742503545795e-01	2.6790132599623999e+00	
1.0333352618826350e+01	9.2027649562489777e-01	2.6790137742330886e+00	
1.0333363280122462e+01	9.2027506838780504e-01	2.6790145639657905e+00	
1.0333379478574932e+01	9.2027289989134808e-01	2.6790157638462113e+00	
1.0333403782669155e+01	9.2026964629871544e-01	2.6790175641323359e+00	
1.0333439733079253e+01	9.2026483363339096e-01	2.6790202271116357e+00	
1.0333492090476666e+01	9.2025782461107752e-01	2.6790241054279869e+00	
1.0333567095696466e+01	9.2024778382205141e-01	2.6790296613302269e+00	
1.0333672716150925e+01	9.2023364476257086e-01	2.6790374849439758e+00	
1.0333818826227660e+01	9.2021408571633456e-01	2.6790483076630185e+00	
1.0334017222125272e+01	9.2018752781780955e-01	2.6790630032163385e+00	
1.0334281300968605e+01	9.2015217808047522e-01	2.6790825638066988e+00	
1.0334625153725394e+01	9.2010615091808845e-01	2.6791080328591250e+00	
1.0335061771034816e+01	9.2004770841686223e-01	2.6791403721467093e+00	
1.0335600107981504e+01	9.1997565330038866e-01	2.6791802444049031e+00	
1.0336240976211437e+01	9.1988987871659844e-01	2.6792277090147589e+00	
1.0336972176073450e+01	9.1979201947145495e-01	2.6792818614505993e+00	
1.0337763902669984e+01	9.1968606621957671e-01	2.6793404933342320e+00	
1.0338566072231592e+01	9.1957872230343674e-01	2.6793998950712536e+00	
1.0339309499575460e+01	9.1947924518096924e-01	2.6794549436762662e+00	
1.0339912461299855e+01	9.1939856769841055e-01	2.6794995889489326e+00	
1.0340292909518872e+01	9.1934766441867588e-01	2.6795277574747880e+00	
1.0340384629830160e+01	9.1933539146441956e-01	2.6795345483074255e+00	
1.0340153590712855e+01	9.1936630124413743e-01	2.6795174426414645e+00	
1.0339609536361866e+01	9.1943909264282186e-01	2.6794771612847361e+00	
1.0338808358048173e+01	9.1954629289511669e-01	2.6794178399102426e+00	
1.0337843179885869e+01	9.1967544749274521e-01	2.6793463700479405e+00	
1.0336825765310328e+01	9.1981160488182601e-01	2.6792710245904465e+00	
1.0335863380457258e+01	9.1994041074643540e-01	2.6791997463175967e+00	
1.0335038054395651e+01	9.2005088409823466e-01	2.6791386113015547e+00	
1.0334394301186789e+01	9.2013706267952122e-01	2.6790909164310444e+00	
1.0333938088300819e+01	9.2019814326471316e-01	2.6790570996190270e+00	
1.0333645621317871e+01	9.2023730697757344e-01	2.6790353885368368e+00	
1.0333477301741970e+01	9.2025985094846774e-01	2.6790228332576782e+00	
1.0333391347160726e+01	9.2027136457366121e-01	2.6790163137629852e+00	
1.0333353079337455e+01	9.2027648575674381e-01	2.6790132285716153e+00	
1.0333338622910640e+01	9.2027840581534937e-01	2.6790117736736603e+00	
1.0333334171567399e+01	9.2027896827704758e-01	2.6790108912307966e+00	
1.0333333075300667e+01	9.2027905984848646e-01	2.6790100352491737e+00	
1.0333332748128393e+01	9.2027902583673860e-01	2.6790088762803599e+00	
1.0333332447758893e+01	9.2027896914304830e-01	2.6790070071219536e+00	
1.0333332080696293e+01	9.2027891206298440e-01	2.6790036731934022e+00	
1.0333331722540994e+01	9.2027886207101317e-01	2.6789975625517446e+00	
1.0333331486706786e+01	9.2027883018811307e-01	2.6789867407201498e+00	
