3.8571428571428577e+00	3.5496478698597707e+00	2.7466666666666665e+01	
3.8571428571428577e+00	3.5496478698597684e+00	2.7466666666666669e+01	
3.8571428571428585e+00	3.5496478698597698e+00	2.7466666666666672e+01	
3.8571428571428585e+00	3.5496478698597689e+00	2.7466666666666676e+01	
3.8571428571428577e+00	3.5496478698597689e+00	2.7466666666666669e+01	
3.8571428571428577e+00	3.5496478698597693e+00	2.7466666666666669e+01	
3.8571428571428577e+00	3.5496478698597689e+00	2.7466666666666672e+01	
3.8571428571428577e+00	3.5496478698597693e+00	2.7466666666666669e+01	
3.8571428571428572e+00	3.5496478698597689e+00	2.7466666666666669e+01	
3.8571428571428568e+00	3.5496478698597684e+00	2.7466666666666669e+01	
3.8571428571428568e+00	3.5496478698597680e+00	2.7466666666666669e+01	
3.8571428571428568e+00	3.5496478698597684e+00	2.7466666666666672e+01	
3.8571428571428572e+00	3.5496478698597684e+00	2.7466666666666669e+01	
3.8571428571428572e+00	3.5496478698597680e+00	2.7466666666666669e+01	
3.8571428571428563e+00	3.5496478698597667e+00	2.7466666666666669e+01	
3.8571428571428572e+00	3.5496478698597675e+00	2.7466666666666669e+01	
3.8571428571428577e+00	3.5496478698597680e+00	2.7466666666666669e+01	
3.8571428571428559e+00	3.5496478698597662e+00	2.7466666666666665e+01	
3.8571428571428559e+00	3.5496478698597667e+00	2.7466666666666669e+01	
3.8571428571428594e+00	3.5496478698597702e+00	2.7466666666666665e+01	
3.8571428571428585e+00	3.5496478698597698e+00	2.7466666666666665e+01	
3.8571428571428510e+00	3.5496478698597627e+00	2.7466666666666665e+01	
3.8571428571428568e+00	3.5496478698597680e+00	2.7466666666666669e+01	
3.8571428571428719e+00	3.5496478698597826e+00	2.7466666666666683e+01	
3.8571428571428541e+00	3.5496478698597675e+00	2.7466666666666683e+01	
3.8571428571428310e+00	3.5496478698597489e+00	2.7466666666666690e+01	
3.8571428571428830e+00	3.5496478698598000e+00	2.7466666666666729e+01	
3.8571428571429163e+00	3.5496478698598342e+00	2.7466666666666764e+01	
3.8571428571427937e+00	3.5496478698597249e+00	2.7466666666666733e+01	
3.8571428571427786e+00	3.5496478698597129e+00	2.7466666666666733e+01	
3.8571428571430575e+00	3.5496478698599665e+00	2.7466666666666843e+01	
3.8571428571429673e+00	3.5496478698598746e+00	2.7466666666666747e+01	
3.8571428571423789e+00	3.5496478698593101e+00	2.7466666666666367e+01	
3.8571428571427893e+00	3.5496478698596441e+00	2.7466666666666296e+01	
3.8571428571438333e+00	3.5496478698605340e+00	2.7466666666666342e+01	
3.8571428571423754e+00	3.5496478698590899e+00	2.7466666666665152e+01	
3.8571428571405439e+00	3.5496478698572682e+00	2.7466666666663624e+01	
3.8571428571443063e+00	3.5496478698605718e+00	2.7466666666664384e+01	
3.8571428571464752e+00	3.5496478698624161e+00	2.7466666666664594e+01	
3.8571428571371134e+00	3.5496478698537119e+00	2.7466666666660494e+01	
3.8571428571363446e+00	3.5496478698530733e+00	2.7466666666661357e+01	
3.8571428571575836e+00	3.5496478698729730e+00	2.7466666666674069e+01	
3.8571428571513970e+00	3.5496478698680485e+00	2.7466666666679501e+01	
3.8571428571101141e+00	3.5496478698312850e+00	2.7466666666677042e+01	
3.8571428571462700e+00	3.5496478698659653e+00	2.7466666666718229e+01	
3.8571428572301962e+00	3.5496478699436183e+00	2.7466666666796836e+01	
3.8571428571309188e+00	3.5496478698483247e+00	2.7466666666827074e+01	
3.8571428570182262e+00	3.5496478697276967e+00	2.7466666666907781e+01	
3.8571428573400719e+00	3.5496478699724880e+00	2.7466666667296003e+01	
3.8571428575694515e+00	3.5496478700442480e+00	2.7466666667946136e+01	
3.8571428570446749e+00	3.5496478691991680e+00	2.7466666669053929e+01	
3.8571428574529030e+00	3.5496478686452573e+00	2.7466666672606976e+01	
3.8571428601813089e+00	3.5496478687751294e+00	2.7466666682554965e+01	
3.8571428626514477e+00	3.5496478649662686e+00	2.7466666706506409e+01	
3.8571428672818620e+00	3.5496478538235623e+00	2.7466666767413471e+01	
3.8571428894938640e+00	3.5496478358667742e+00	2.7466666925365217e+01	
3.8571429433647264e+00	3.5496477918880571e+00	2.7466667312536931e+01	
3.8571430492663996e+00	3.5496476678561608e+00	2.7466668223322024e+01	
3.8571433016104253e+00	3.5496473930318091e+00	2.7466670316643086e+01	
3.8571439006523573e+00	3.5496468266885364e+00	2.7466674953349383e+01	
3.8571451319536592e+00	3.5496455975426993e+00	2.7466684743291044e+01	
3.8571475427243240e+00	3.5496430480820989e+00	2.7466704474836593e+01	
3.8571522675361298e+00	3.5496382483937112e+00	2.7466742373925822e+01	
3.8571609567740452e+00	3.5496296508263847e+00	2.7466811169231697e+01	
3.8571755197890121e+00	3.5496147735604135e+00	2.7466928296014903e+01	
3.8571984872983740e+00	3.5495909938292414e+00	2.7467114244283774e+01	
3.8572326771618632e+00	3.5495566550461111e+00	2.7467386865258216e+01	
3.8572783715031287e+00	3.5495110603805862e+00	2.7467750008118074e+01	
3.8573313651871199e+00	3.5494559983530847e+00	2.7468179661414961e+01	
3.8573850260425364e+00	3.5494001399287032e+00	2.7468615007682597e+01	
3.8574297884142297e+00	3.5493577807016350e+00	2.7468961304388905e+01	
3.8574493497266702e+00	3.5493392375720685e+00	2.7469112204881924e+01	
3.8574311567504802e+00	3.5493498272299870e+00	2.7468996045215299e+01	
3.8573848168580303e+00	3.5493965353222547e+00	2.7468623942865012e+01	
3.8573269058154582e+00	3.5494714591358241e+00	2.7468093546920613e+01	
3.8572546489215789e+00	3.5495367605716974e+00	2.7467542047723853e+01	
3.8571829335783239e+00	3.5495754094678325e+00	2.7467096613250316e+01	
3.8571650843949272e+00	3.5496235132710030e+00	2.7466831683118638e+01	
3.8571801020001826e+00	3.5496674987756869e+00	2.7466717858939017e+01	
3.8571266211595838e+00	3.5496287769355632e+00	2.7466658094813312e+01	
3.8570828623393063e+00	3.5495921853448777e+00	2.7466640466889508e+01	
