3.8571428571428625e+00	3.5496478698597587e+00	2.7466666666666722e+01	
3.8571428571428714e+00	3.5496478698597516e+00	2.7466666666666789e+01	
3.8571428571428923e+00	3.5496478698597320e+00	2.7466666666666953e+01	
3.8571428571429389e+00	3.5496478698596858e+00	2.7466666666667319e+01	
3.8571428571430419e+00	3.5496478698595815e+00	2.7466666666668143e+01	
3.8571428571432693e+00	3.5496478698593497e+00	2.7466666666669973e+01	
3.8571428571437703e+00	3.5496478698588412e+00	2.7466666666673991e+01	
3.8571428571448587e+00	3.5496478698577349e+00	2.7466666666682716e+01	
3.8571428571471977e+00	3.5496478698553586e+00	2.7466666666701467e+01	
3.8571428571521604e+00	3.5496478698503147e+00	2.7466666666741254e+01	
3.8571428571625610e+00	3.5496478698397427e+00	2.7466666666824651e+01	
3.8571428571840771e+00	3.5496478698178748e+00	2.7466666666997160e+01	
3.8571428572279887e+00	3.5496478697732443e+00	2.7466666667349234e+01	
3.8571428573163682e+00	3.5496478696834175e+00	2.7466666668057833e+01	
3.8571428574917266e+00	3.5496478695051894e+00	2.7466666669463809e+01	
3.8571428578345950e+00	3.5496478691567077e+00	2.7466666672212838e+01	
3.8571428584949765e+00	3.5496478684855144e+00	2.7466666677507604e+01	
3.8571428597474426e+00	3.5496478672125420e+00	2.7466666687549555e+01	
3.8571428620856190e+00	3.5496478648360856e+00	2.7466666706296447e+01	
3.8571428663806095e+00	3.5496478604707775e+00	2.7466666740732563e+01	
3.8571428741404326e+00	3.5496478525839112e+00	2.7466666802948811e+01	
3.8571428879243306e+00	3.5496478385743426e+00	2.7466666913464532e+01	
3.8571429119869638e+00	3.5496478141177565e+00	2.7466667106392482e+01	
3.8571429532516111e+00	3.5496477721775221e+00	2.7466667437241725e+01	
3.8571430227351109e+00	3.5496477015564345e+00	2.7466667994342419e+01	
3.8571431375632832e+00	3.5496475848482807e+00	2.7466668915004956e+01	
3.8571433237126209e+00	3.5496473956512617e+00	2.7466670407502175e+01	
3.8571436195753903e+00	3.5496470949445085e+00	2.7466672779653415e+01	
3.8571440803500270e+00	3.5496466266257651e+00	2.7466676474025682e+01	
3.8571447830845083e+00	3.5496459123853703e+00	2.7466682108370300e+01	
3.8571458319297784e+00	3.5496448463666730e+00	2.7466690517743842e+01	
3.8571473627908519e+00	3.5496432904384907e+00	2.7466702791800191e+01	
3.8571495461207119e+00	3.5496410713549680e+00	2.7466720297192460e+01	
3.8571525861543838e+00	3.5496379815332357e+00	2.7466744671433901e+01	
3.8571567145470338e+00	3.5496337855183011e+00	2.7466777771892581e+01	
3.8571621763295227e+00	3.5496282342559131e+00	2.7466821563190152e+01	
3.8571692065240528e+00	3.5496210888581801e+00	2.7466877929715803e+01	
3.8571779968479061e+00	3.5496121544438788e+00	2.7466948408667829e+01	
3.8571886537588838e+00	3.5496013227802976e+00	2.7467033853671730e+01	
3.8572011515680402e+00	3.5495886199412872e+00	2.7467134058842621e+01	
3.8572152871190464e+00	3.5495742523768317e+00	2.7467247395399838e+01	
3.8572306449910476e+00	3.5495586422907905e+00	2.7467370532647116e+01	
3.8572465834972918e+00	3.5495424418847885e+00	2.7467498325682740e+01	
3.8572622510687187e+00	3.5495265167182737e+00	2.7467623946732118e+01	
3.8572766393195961e+00	3.5495118917791393e+00	2.7467739310603605e+01	
3.8572886731397360e+00	3.5494996599094755e+00	2.7467835797041790e+01	
3.8572973302939206e+00	3.5494908602266921e+00	2.7467905209694575e+01	
3.8573017748244247e+00	3.5494863425043865e+00	2.7467940845774827e+01	
3.8573014822233476e+00	3.5494866399160210e+00	2.7467938499738427e+01	
3.8572963320723384e+00	3.5494918748539486e+00	2.7467897206100510e+01	
3.8572866471324723e+00	3.5495017191953631e+00	2.7467819552856049e+01	
3.8572731668137625e+00	3.5495154212863871e+00	2.7467711468720356e+01	
3.8572569559515295e+00	3.5495318986955420e+00	2.7467581491638441e+01	
3.8572392637687418e+00	3.5495498816006608e+00	2.7467439637890458e+01	
3.8572213590448037e+00	3.5495680803487555e+00	2.7467296080450094e+01	
3.8572043725967644e+00	3.5495853455651676e+00	2.7467159886014382e+01	
3.8571891756233003e+00	3.5496007917943526e+00	2.7467038039613485e+01	
3.8571763129754646e+00	3.5496138653032627e+00	2.7466934909634688e+01	
3.8571659968384440e+00	3.5496243504826741e+00	2.7466852197210489e+01	
3.8571581526424712e+00	3.5496323231693254e+00	2.7466789304355011e+01	
3.8571524990561561e+00	3.5496380693353480e+00	2.7466743975347004e+01	
3.8571486399515944e+00	3.5496419916164199e+00	2.7466713034084737e+01	
3.8571461484381571e+00	3.5496445239047083e+00	2.7466693057841429e+01	
3.8571446296860481e+00	3.5496460675002446e+00	2.7466680880960347e+01	
3.8571437575126795e+00	3.5496469539284465e+00	2.7466673888188343e+01	
3.8571432868983795e+00	3.5496474322213443e+00	2.7466670115019340e+01	
3.8571430490368011e+00	3.5496476739491989e+00	2.7466668208007516e+01	
3.8571429368328967e+00	3.5496477879603736e+00	2.7466667308492873e+01	
3.8571428876403364e+00	3.5496478379267127e+00	2.7466666914193940e+01	
3.8571428676908117e+00	3.5496478581692066e+00	2.7466666754365839e+01	
3.8571428602455931e+00	3.5496478657004369e+00	2.7466666694802552e+01	
3.8571428576997788e+00	3.5496478682495871e+00	2.7466666674530810e+01	
3.8571428569009916e+00	3.5496478690203932e+00	2.7466666668276652e+01	
3.8571428566640242e+00	3.5496478692171789e+00	2.7466666666538515e+01	
3.8571428565876813e+00	3.5496478692473943e+00	2.7466666666100938e+01	
3.8571428565507735e+00	3.5496478692338638e+00	2.7466666665993611e+01	
3.8571428565209502e+00	3.5496478692091191e+00	2.7466666665958513e+01	
3.8571428564906536e+00	3.5496478691805686e+00	2.7466666665936103e+01	
3.8571428564584287e+00	3.5496478691496884e+00	2.7466666665914715e+01	
3.8571428564243559e+00	3.5496478691170066e+00	2.7466666665892596e+01	
3.8571428563894012e+00	3.5496478690834694e+00	2.7466666665869901e+01	
