3.8571428571428577e+00	3.5496478698597693e+00	2.7466666666666669e+01	
3.8571428571428577e+00	3.5496478698597698e+00	2.7466666666666669e+01	
3.8571428571428577e+00	3.5496478698597693e+00	2.7466666666666669e+01	
3.8571428571428577e+00	3.5496478698597693e+00	2.7466666666666669e+01	
3.8571428571428581e+00	3.5496478698597689e+00	2.7466666666666672e+01	
3.8571428571428594e+00	3.5496478698597680e+00	2.7466666666666683e+01	
3.8571428571428616e+00	3.5496478698597649e+00	2.7466666666666704e+01	
3.8571428571428670e+00	3.5496478698597596e+00	2.7466666666666747e+01	
3.8571428571428803e+00	3.5496478698597471e+00	2.7466666666666853e+01	
3.8571428571429114e+00	3.5496478698597143e+00	2.7466666666667098e+01	
3.8571428571429829e+00	3.5496478698596423e+00	2.7466666666667674e+01	
3.8571428571431472e+00	3.5496478698594753e+00	2.7466666666668988e+01	
3.8571428571435220e+00	3.5496478698590952e+00	2.7466666666671991e+01	
3.8571428571443680e+00	3.5496478698582346e+00	2.7466666666678776e+01	
3.8571428571462598e+00	3.5496478698563108e+00	2.7466666666693946e+01	
3.8571428571504391e+00	3.5496478698520639e+00	2.7466666666727452e+01	
3.8571428571595541e+00	3.5496478698427980e+00	2.7466666666800538e+01	
3.8571428571791757e+00	3.5496478698228566e+00	2.7466666666957856e+01	
3.8571428572208233e+00	3.5496478697805278e+00	2.7466666667291776e+01	
3.8571428573079478e+00	3.5496478696919769e+00	2.7466666667990317e+01	
3.8571428574874762e+00	3.5496478695095099e+00	2.7466666669429728e+01	
3.8571428578516720e+00	3.5496478691393505e+00	2.7466666672349753e+01	
3.8571428585786589e+00	3.5496478684004620e+00	2.7466666678178548e+01	
3.8571428600058728e+00	3.5496478669498819e+00	2.7466666689621576e+01	
3.8571428627601518e+00	3.5496478641505105e+00	2.7466666711704672e+01	
3.8571428679825228e+00	3.5496478588426386e+00	2.7466666753576284e+01	
3.8571428777066603e+00	3.5496478489592969e+00	2.7466666831541900e+01	
3.8571428954786531e+00	3.5496478308963413e+00	2.7466666974033128e+01	
3.8571429273422129e+00	3.5496477985111108e+00	2.7466667229506889e+01	
3.8571429833551769e+00	3.5496477415810999e+00	2.7466667678604313e+01	
3.8571430798427011e+00	3.5496476435138731e+00	2.7466668452216283e+01	
3.8571432426153094e+00	3.5496474780763201e+00	2.7466669757284908e+01	
3.8571435113616626e+00	3.5496472049299594e+00	2.7466671912023696e+01	
3.8571439453317926e+00	3.5496467638546152e+00	2.7466675391484269e+01	
3.8571446302138090e+00	3.5496460677590438e+00	2.7466680882692270e+01	
3.8571456857337285e+00	3.5496449949564974e+00	2.7466689345581258e+01	
3.8571472729492364e+00	3.5496433817511863e+00	2.7466702071473037e+01	
3.8571495994821428e+00	3.5496410171194963e+00	2.7466720725031735e+01	
3.8571529201333310e+00	3.5496376420838400e+00	2.7466747349196957e+01	
3.8571575296421008e+00	3.5496329570701279e+00	2.7466784307134166e+01	
3.8571637440933029e+00	3.5496266408027330e+00	2.7466834133167225e+01	
3.8571718680238369e+00	3.5496183837340287e+00	2.7466899269052572e+01	
3.8571821460084776e+00	3.5496079372495091e+00	2.7466981675810601e+01	
3.8571947006253215e+00	3.5495951767188423e+00	2.7467082336346294e+01	
3.8572094630710683e+00	3.5495801720221687e+00	2.7467200699127051e+01	
3.8572261076459817e+00	3.5495632541499220e+00	2.7467334152871452e+01	
3.8572440055980812e+00	3.5495450621328137e+00	2.7467477656441133e+01	
3.8572622157078520e+00	3.5495265526323370e+00	2.7467623663303332e+01	
3.8572795267963018e+00	3.5495089567525078e+00	2.7467762462314518e+01	
3.8572945599848665e+00	3.5494936761060454e+00	2.7467882997614929e+01	
3.8573059263240217e+00	3.5494821225821922e+00	2.7467974132508164e+01	
3.8573124204737423e+00	3.5494755214498181e+00	2.7468026202445980e+01	
3.8573132173288274e+00	3.5494747114568161e+00	2.7468032591647031e+01	
3.8573080305481526e+00	3.5494799836596211e+00	2.7467991004246002e+01	
3.8572971938691745e+00	3.5494909987627148e+00	2.7467904116283275e+01	
3.8572816393979750e+00	3.5495068092095279e+00	2.7467779401580053e+01	
3.8572627696075723e+00	3.5495259893365896e+00	2.7467628105323989e+01	
3.8572422457552142e+00	3.5495468504849552e+00	2.7467463547507403e+01	
3.8572217369856281e+00	3.5495676960514571e+00	2.7467299111197075e+01	
3.8572026843459208e+00	3.5495870613515468e+00	2.7467146350435705e+01	
3.8571861286596243e+00	3.5496038885469492e+00	2.7467013610218160e+01	
3.8571726322728979e+00	3.5496176061484386e+00	2.7466905399145752e+01	
3.8571622985035430e+00	3.5496281092172213e+00	2.7466822545433864e+01	
3.8571548679771173e+00	3.5496356614319988e+00	2.7466762969354313e+01	
3.8571498556032267e+00	3.5496407558636136e+00	2.7466722781490496e+01	
3.8571466893874784e+00	3.5496439738927932e+00	2.7466697395690474e+01	
3.8571448212038670e+00	3.5496458726297777e+00	2.7466682417198694e+01	
3.8571437948581071e+00	3.5496469157417954e+00	2.7466674188358496e+01	
3.8571432719020380e+00	3.5496474472193813e+00	2.7466669995577671e+01	
3.8571430259260424e+00	3.5496476971791422e+00	2.7466668023562530e+01	
3.8571429197214941e+00	3.5496478050758991e+00	2.7466667172210784e+01	
3.8571428779056753e+00	3.5496478475261761e+00	2.7466666837124794e+01	
3.8571428630060578e+00	3.5496478626156245e+00	2.7466666717861010e+01	
3.8571428582387353e+00	3.5496478674025882e+00	2.7466666679851777e+01	
3.8571428568725885e+00	3.5496478687279258e+00	2.7466666669130518e+01	
3.8571428565111909e+00	3.5496478690268964e+00	2.7466666666484873e+01	
3.8571428564060666e+00	3.5496478690606459e+00	2.7466666665912097e+01	
3.8571428563558494e+00	3.5496478690355260e+00	2.7466666665791067e+01	
3.8571428563159751e+00	3.5496478690001543e+00	2.7466666665751418e+01	
3.8571428562817891e+00	3.5496478689671442e+00	2.7466666665724915e+01	
3.8571428562618282e+00	3.5496478689468698e+00	2.7466666665705276e+01	
