3.8571682153534801e+00	3.5495696217744594e+00	2.7467009434936685e+01	
3.8571731726892362e+00	3.5495717910591171e+00	2.7467024588035841e+01	
3.8571837645461864e+00	3.5495675320777558e+00	2.7467087579901303e+01	
3.8571942326334194e+00	3.5495626605962718e+00	2.7467152378418696e+01	
3.8572043911239673e+00	3.5495573665908058e+00	2.7467217482188879e+01	
3.8572140390420850e+00	3.5495518851662200e+00	2.7467281152706622e+01	
3.8572229640645759e+00	3.5495464842054196e+00	2.7467341478124911e+01	
3.8572309494690908e+00	3.5495414494121000e+00	2.7467396459903334e+01	
3.8572377839292709e+00	3.5495370675412730e+00	2.7467444118043659e+01	
3.8572432734267910e+00	3.5495336088141576e+00	2.7467482608045213e+01	
3.8572472541925817e+00	3.5495313096922954e+00	2.7467510340598366e+01	
3.8572496053501020e+00	3.5495303572811592e+00	2.7467526093678877e+01	
3.8572502598521989e+00	3.5495308766232649e+00	2.7467529106428039e+01	
3.8572492123951165e+00	3.5495329219963474e+00	2.7467519145135281e+01	
3.8572465232556818e+00	3.5495364730533847e+00	2.7467496533794669e+01	
3.8572423174025250e+00	3.5495414362432882e+00	2.7467462144897240e+01	
3.8572367787319051e+00	3.5495476514740032e+00	2.7467417350007764e+01	
3.8572301398101518e+00	3.5495549034778859e+00	2.7467363933784082e+01	
3.8572226679987027e+00	3.5495629368769648e+00	2.7467303978902063e+01	
3.8572146492285380e+00	3.5495714735848196e+00	2.7467239732339639e+01	
3.8572063709268813e+00	3.5495802309725448e+00	2.7467173465246148e+01	
3.8571981056506282e+00	3.5495889391976383e+00	2.7467107338943752e+01	
3.8571900968454549e+00	3.5495973562494534e+00	2.7467043288454470e+01	
3.8571825478512594e+00	3.5496052795792767e+00	2.7466982932510927e+01	
3.8571756148606688e+00	3.5496125536101024e+00	2.7466927515665663e+01	
3.8571694040695621e+00	3.5496190728993868e+00	2.7466877884352250e+01	
3.8571639728027369e+00	3.5496247811916453e+00	2.7466834495095835e+01	
3.8571593340132093e+00	3.5496296669873950e+00	2.7466797449991240e+01	
3.8571554632837799e+00	3.5496337565271738e+00	2.7466766552411414e+01	
3.8571523073268734e+00	3.5496371052218572e+00	2.7466741374853932e+01	
3.8571497929828715e+00	3.5496397885539444e+00	2.7466721330876290e+01	
3.8571478358380444e+00	3.5496418933496177e+00	2.7466705744047310e+01	
3.8571463477862009e+00	3.5496435101134192e+00	2.7466693908476184e+01	
3.8571452431023698e+00	3.5496447268678319e+00	2.7466685137443974e+01	
3.8571444428422654e+00	3.5496456246895964e+00	2.7466678798633975e+01	
3.8571438775953624e+00	3.5496462749162809e+00	2.7466674336176872e+01	
3.8571434887807126e+00	3.5496467378320613e+00	2.7466671281022172e+01	
3.8571432287741469e+00	3.5496470625401750e+00	2.7466669251946712e+01	
3.8571430601953365e+00	3.5496472876887242e+00	2.7466667949831578e+01	
3.8571429546736602e+00	3.5496474427259828e+00	2.7466667147763204e+01	
3.8571428913677916e+00	3.5496475494060062e+00	2.7466666679161730e+01	
3.8571428554511975e+00	3.5496476233289798e+00	2.7466666425637364e+01	
3.8571428367082627e+00	3.5496476753692585e+00	2.7466666305734556e+01	
3.8571428283239388e+00	3.5496477129068897e+00	2.7466666265228337e+01	
3.8571428258998712e+00	3.5496477408290876e+00	2.7466666269236949e+01	
3.8571428266943353e+00	3.5496477623043723e+00	2.7466666296129137e+01	
3.8571428290614560e+00	3.5496477793542587e+00	2.7466666333029476e+01	
3.8571428320548229e+00	3.5496477932579515e+00	2.7466666372641821e+01	
3.8571428351584918e+00	3.5496478048276066e+00	2.7466666411094270e+01	
3.8571428381115207e+00	3.5496478145885555e+00	2.7466666446534028e+01	
3.8571428407978843e+00	3.5496478228930850e+00	2.7466666478246527e+01	
3.8571428431800441e+00	3.5496478299898233e+00	2.7466666506124490e+01	
3.8571428452604217e+00	3.5496478360647252e+00	2.7466666530360762e+01	
3.8571428470599667e+00	3.5496478412646413e+00	2.7466666551278063e+01	
3.8571428486067645e+00	3.5496478457106022e+00	2.7466666569239251e+01	
3.8571428499303000e+00	3.5496478495052890e+00	2.7466666584602827e+01	
3.8571428510587773e+00	3.5496478527373130e+00	2.7466666597702872e+01	
3.8571428520180131e+00	3.5496478554837974e+00	2.7466666608841543e+01	
3.8571428528311080e+00	3.5496478578120993e+00	2.7466666618287665e+01	
3.8571428535184697e+00	3.5496478597810484e+00	2.7466666626278126e+01	
3.8571428540979920e+00	3.5496478614419678e+00	2.7466666633020402e+01	
3.8571428545852835e+00	3.5496478628395236e+00	2.7466666638695372e+01	
3.8571428549939055e+00	3.5496478640124911e+00	2.7466666643460179e+01	
3.8571428553356006e+00	3.5496478649944367e+00	2.7466666647450879e+01	
3.8571428556205074e+00	3.5496478658143342e+00	2.7466666650784951e+01	
3.8571428558573513e+00	3.5496478664971183e+00	2.7466666653563504e+01	
3.8571428560536183e+00	3.5496478670641896e+00	2.7466666655873315e+01	
3.8571428562157153e+00	3.5496478675338610e+00	2.7466666657788632e+01	
3.8571428563491064e+00	3.5496478679217578e+00	2.7466666659372827e+01	
3.8571428564584402e+00	3.5496478682411703e+00	2.7466666660679802e+01	
3.8571428565476604e+00	3.5496478685033797e+00	2.7466666661755301e+01	
3.8571428566201016e+00	3.5496478687179200e+00	2.7466666662638026e+01	
3.8571428566785735e+00	3.5496478688928410e+00	2.7466666663360613e+01	
3.8571428567254391e+00	3.5496478690349069e+00	2.7466666663950519e+01	
3.8571428567626804e+00	3.5496478691497941e+00	2.7466666664430786e+01	
3.8571428567919503e+00	3.5496478692422473e+00	2.7466666664820679e+01	
3.8571428568146282e+00	3.5496478693162219e+00	2.7466666665136270e+01	
3.8571428568318566e+00	3.5496478693750064e+00	2.7466666665390925e+01	
3.8571428568445816e+00	3.5496478694213272e+00	2.7466666665595728e+01	
3.8571428568535842e+00	3.5496478694574360e+00	2.7466666665759860e+01	
3.8571428568595039e+00	3.5496478694851863e+00	2.7466666665890877e+01	
