3.8571428571428585e+00	3.5496478698597689e+00	2.7466666666666676e+01	
3.8571428571428572e+00	3.5496478698597689e+00	2.7466666666666669e+01	
3.8571428571428572e+00	3.5496478698597693e+00	2.7466666666666669e+01	
3.8571428571428577e+00	3.5496478698597698e+00	2.7466666666666669e+01	
3.8571428571428577e+00	3.5496478698597693e+00	2.7466666666666672e+01	
3.8571428571428577e+00	3.5496478698597693e+00	2.7466666666666669e+01	
3.8571428571428577e+00	3.5496478698597693e+00	2.7466666666666669e+01	
3.8571428571428577e+00	3.5496478698597689e+00	2.7466666666666669e+01	
3.8571428571428577e+00	3.5496478698597693e+00	2.7466666666666669e+01	
3.8571428571428577e+00	3.5496478698597689e+00	2.7466666666666669e+01	
3.8571428571428577e+00	3.5496478698597689e+00	2.7466666666666669e+01	
3.8571428571428577e+00	3.5496478698597689e+00	2.7466666666666669e+01	
3.8571428571428577e+00	3.5496478698597689e+00	2.7466666666666669e+01	
3.8571428571428572e+00	3.5496478698597689e+00	2.7466666666666669e+01	
3.8571428571428572e+00	3.5496478698597689e+00	2.7466666666666669e+01	
3.8571428571428577e+00	3.5496478698597693e+00	2.7466666666666669e+01	
3.8571428571428581e+00	3.5496478698597693e+00	2.7466666666666669e+01	
3.8571428571428581e+00	3.5496478698597693e+00	2.7466666666666669e+01	
3.8571428571428581e+00	3.5496478698597689e+00	2.7466666666666672e+01	
3.8571428571428577e+00	3.5496478698597684e+00	2.7466666666666669e+01	
3.8571428571428577e+00	3.5496478698597689e+00	2.7466666666666665e+01	
3.8571428571428581e+00	3.5496478698597680e+00	2.7466666666666676e+01	
3.8571428571428590e+00	3.5496478698597675e+00	2.7466666666666676e+01	
3.8571428571428608e+00	3.5496478698597658e+00	2.7466666666666693e+01	
3.8571428571428648e+00	3.5496478698597618e+00	2.7466666666666722e+01	
3.8571428571428727e+00	3.5496478698597533e+00	2.7466666666666786e+01	
3.8571428571428914e+00	3.5496478698597338e+00	2.7466666666666935e+01	
3.8571428571429349e+00	3.5496478698596885e+00	2.7466666666667290e+01	
3.8571428571430402e+00	3.5496478698595824e+00	2.7466666666668132e+01	
3.8571428571432920e+00	3.5496478698593248e+00	2.7466666666670157e+01	
3.8571428571439048e+00	3.5496478698587035e+00	2.7466666666675067e+01	
3.8571428571453947e+00	3.5496478698571883e+00	2.7466666666687015e+01	
3.8571428571490278e+00	3.5496478698534952e+00	2.7466666666716147e+01	
3.8571428571578648e+00	3.5496478698445144e+00	2.7466666666786995e+01	
3.8571428571792223e+00	3.5496478698228056e+00	2.7466666666958243e+01	
3.8571428572303739e+00	3.5496478697708165e+00	2.7466666667368365e+01	
3.8571428573514215e+00	3.5496478696477873e+00	2.7466666668338888e+01	
3.8571428576337814e+00	3.5496478693608067e+00	2.7466666670602770e+01	
3.8571428582816316e+00	3.5496478687023472e+00	2.7466666675797075e+01	
3.8571428597410033e+00	3.5496478672190799e+00	2.7466666687497952e+01	
3.8571428629631748e+00	3.5496478639441613e+00	2.7466666713332462e+01	
3.8571428699256516e+00	3.5496478568676988e+00	2.7466666769155783e+01	
3.8571428846285509e+00	3.5496478419240711e+00	2.7466666887039871e+01	
3.8571429149317398e+00	3.5496478111247587e+00	2.7466667130002978e+01	
3.8571429758091482e+00	3.5496477492506955e+00	2.7466667618102132e+01	
3.8571430948633076e+00	3.5496476282473548e+00	2.7466668572647592e+01	
3.8571433212132260e+00	3.5496473981915186e+00	2.7466670387462916e+01	
3.8571437390102115e+00	3.5496469735542164e+00	2.7466673737251057e+01	
3.8571444866002103e+00	3.5496462137241092e+00	2.7466679731235011e+01	
3.8571457813550394e+00	3.5496448977692601e+00	2.7466690112249349e+01	
3.8571479479728130e+00	3.5496426956732519e+00	2.7466707483644697e+01	
3.8571514442369645e+00	3.5496391421518405e+00	2.7466735515823583e+01	
3.8571568729256711e+00	3.5496336245420745e+00	2.7466779041745447e+01	
3.8571649628476590e+00	3.5496254020703457e+00	2.7466843904890105e+01	
3.8571764983494750e+00	3.5496136774912697e+00	2.7466936394078278e+01	
3.8571921790814572e+00	3.5495977396016460e+00	2.7467062119155081e+01	
3.8572124048376262e+00	3.5495771819156179e+00	2.7467224285916320e+01	
3.8572370065419728e+00	3.5495521761183499e+00	2.7467421539120338e+01	
3.8572649812684818e+00	3.5495237414543475e+00	2.7467645837770977e+01	
3.8572943255674117e+00	3.5494939141995836e+00	2.7467881118659726e+01	
3.8573220779743593e+00	3.5494657045513334e+00	2.7468103636985123e+01	
3.8573446564900156e+00	3.5494427537107711e+00	2.7468284671879879e+01	
3.8573584981153637e+00	3.5494286837287068e+00	2.7468395654427994e+01	
3.8573608877187118e+00	3.5494262546678881e+00	2.7468414814446476e+01	
3.8573507455586835e+00	3.5494365640191177e+00	2.7468333494828673e+01	
3.8573290888676532e+00	3.5494585777045864e+00	2.7468159851635797e+01	
3.8572989449973636e+00	3.5494892181615425e+00	2.7467918158725276e+01	
3.8572646755404825e+00	3.5495240512182411e+00	2.7467643389565087e+01	
3.8572309056347924e+00	3.5495583755634152e+00	2.7467372628307039e+01	
3.8572014256389653e+00	3.5495883396358630e+00	2.7467136261579000e+01	
3.8571784478083551e+00	3.5496116947282941e+00	2.7466952027879938e+01	
3.8571624416549977e+00	3.5496279620249731e+00	2.7466823698392414e+01	
3.8571525127042174e+00	3.5496380525468920e+00	2.7466744094326135e+01	
3.8571470679492292e+00	3.5496435889026179e+00	2.7466700429777017e+01	
3.8571444545925684e+00	3.5496462459611333e+00	2.7466679472771759e+01	
3.8571433700227762e+00	3.5496473425977149e+00	2.7466670799358269e+01	
3.8571429923932925e+00	3.5496477274891070e+00	2.7466667768017349e+01	
3.8571428908150027e+00	3.5496478444181419e+00	2.7466666901485404e+01	
3.8571428644228716e+00	3.5496478679719234e+00	2.7466666705710882e+01	
3.8571428523151061e+00	3.5496478652599732e+00	2.7466666672494402e+01	
3.8571428749130798e+00	3.5496478876757598e+00	2.7466666683059021e+01	
