3.8571428571428550e+00	3.5496478698597707e+00	2.7466666666666651e+01	
3.8571428571428581e+00	3.5496478698597689e+00	2.7466666666666669e+01	
3.8571428571428585e+00	3.5496478698597693e+00	2.7466666666666672e+01	
3.8571428571428581e+00	3.5496478698597684e+00	2.7466666666666669e+01	
3.8571428571428577e+00	3.5496478698597693e+00	2.7466666666666669e+01	
3.8571428571428577e+00	3.5496478698597693e+00	2.7466666666666665e+01	
3.8571428571428577e+00	3.5496478698597689e+00	2.7466666666666672e+01	
3.8571428571428577e+00	3.5496478698597693e+00	2.7466666666666669e+01	
3.8571428571428577e+00	3.5496478698597693e+00	2.7466666666666669e+01	
3.8571428571428572e+00	3.5496478698597684e+00	2.7466666666666669e+01	
3.8571428571428568e+00	3.5496478698597684e+00	2.7466666666666672e+01	
3.8571428571428568e+00	3.5496478698597680e+00	2.7466666666666669e+01	
3.8571428571428572e+00	3.5496478698597680e+00	2.7466666666666672e+01	
3.8571428571428577e+00	3.5496478698597684e+00	2.7466666666666672e+01	
3.8571428571428577e+00	3.5496478698597684e+00	2.7466666666666672e+01	
3.8571428571428572e+00	3.5496478698597675e+00	2.7466666666666669e+01	
3.8571428571428577e+00	3.5496478698597684e+00	2.7466666666666669e+01	
3.8571428571428572e+00	3.5496478698597671e+00	2.7466666666666669e+01	
3.8571428571428559e+00	3.5496478698597671e+00	2.7466666666666669e+01	
3.8571428571428572e+00	3.5496478698597684e+00	2.7466666666666665e+01	
3.8571428571428585e+00	3.5496478698597689e+00	2.7466666666666665e+01	
3.8571428571428559e+00	3.5496478698597662e+00	2.7466666666666665e+01	
3.8571428571428550e+00	3.5496478698597658e+00	2.7466666666666665e+01	
3.8571428571428608e+00	3.5496478698597711e+00	2.7466666666666669e+01	
3.8571428571428603e+00	3.5496478698597711e+00	2.7466666666666669e+01	
3.8571428571428483e+00	3.5496478698597600e+00	2.7466666666666672e+01	
3.8571428571428550e+00	3.5496478698597675e+00	2.7466666666666676e+01	
3.8571428571428799e+00	3.5496478698597924e+00	2.7466666666666701e+01	
3.8571428571428563e+00	3.5496478698597729e+00	2.7466666666666701e+01	
3.8571428571428155e+00	3.5496478698597378e+00	2.7466666666666701e+01	
3.8571428571428892e+00	3.5496478698598080e+00	2.7466666666666747e+01	
3.8571428571429522e+00	3.5496478698598675e+00	2.7466666666666786e+01	
3.8571428571427671e+00	3.5496478698596947e+00	2.7466666666666704e+01	
3.8571428571427075e+00	3.5496478698596321e+00	2.7466666666666647e+01	
3.8571428571431325e+00	3.5496478698600056e+00	2.7466666666666754e+01	
3.8571428571430624e+00	3.5496478698599052e+00	2.7466666666666587e+01	
3.8571428571421253e+00	3.5496478698589815e+00	2.7466666666665969e+01	
3.8571428571426263e+00	3.5496478698593412e+00	2.7466666666665898e+01	
3.8571428571444035e+00	3.5496478698608183e+00	2.7466666666666367e+01	
3.8571428571425135e+00	3.5496478698588265e+00	2.7466666666665496e+01	
3.8571428571395101e+00	3.5496478698556482e+00	2.7466666666664853e+01	
3.8571428571453490e+00	3.5496478698602805e+00	2.7466666666669745e+01	
3.8571428571506630e+00	3.5496478698636849e+00	2.7466666666678606e+01	
3.8571428571387343e+00	3.5496478698494114e+00	2.7466666666689711e+01	
3.8571428571397468e+00	3.5496478698425125e+00	2.7466666666728166e+01	
3.8571428571834105e+00	3.5496478698633580e+00	2.7466666666835899e+01	
3.8571428572054485e+00	3.5496478698349172e+00	2.7466666667057879e+01	
3.8571428572045185e+00	3.5496478697099718e+00	2.7466666667575328e+01	
3.8571428574140443e+00	3.5496478695849079e+00	2.7466666668951092e+01	
3.8571428579721441e+00	3.5496478692830569e+00	2.7466666672430591e+01	
3.8571428589060424e+00	3.5496478680584342e+00	2.7466666681037825e+01	
3.8571428614045322e+00	3.5496478650817158e+00	2.7466666702796779e+01	
3.8571428686090519e+00	3.5496478585576199e+00	2.7466666757378057e+01	
3.8571428854986753e+00	3.5496478419742759e+00	2.7466666890339134e+01	
3.8571429239095001e+00	3.5496478008231866e+00	2.7466667206224720e+01	
3.8571430149281674e+00	3.5496477076977850e+00	2.7466667937765134e+01	
3.8571432215827581e+00	3.5496475021208109e+00	2.7466669576168350e+01	
3.8571436618731632e+00	3.5496470533947204e+00	2.7466673109693179e+01	
3.8571445711242509e+00	3.5496461190558906e+00	2.7466680438044136e+01	
3.8571463912617552e+00	3.5496442749616470e+00	2.7466695006593827e+01	
3.8571498468242389e+00	3.5496407813727062e+00	2.7466722638141505e+01	
3.8571560461329613e+00	3.5496344587737183e+00	2.7466772427951060e+01	
3.8571666140987504e+00	3.5496236862290607e+00	2.7466857285839449e+01	
3.8571836001171675e+00	3.5496064848739475e+00	2.7466993237450708e+01	
3.8572089528985112e+00	3.5495807638099857e+00	2.7467196342328823e+01	
3.8572438150697401e+00	3.5495451819900268e+00	2.7467476469518989e+01	
3.8572876678810517e+00	3.5495005861543980e+00	2.7467828209472987e+01	
3.8573368585382592e+00	3.5494509471036571e+00	2.7468221263494662e+01	
3.8573835511947694e+00	3.5494034191347632e+00	2.7468595979379685e+01	
3.8574175360836991e+00	3.5493681587391777e+00	2.7468871353005046e+01	
3.8574298475917459e+00	3.5493561433115985e+00	2.7468968162844906e+01	
3.8574146223523949e+00	3.5493730072417153e+00	2.7468840624610205e+01	
3.8573717080068786e+00	3.5494149329276099e+00	2.7468503013861536e+01	
3.8573121729865010e+00	3.5494730299256672e+00	2.7468034703150895e+01	
3.8572541297647955e+00	3.5495364836469481e+00	2.7467550981971947e+01	
3.8572057454402144e+00	3.5495884492325027e+00	2.7467150675606177e+01	
3.8571664933066403e+00	3.5496164650716344e+00	2.7466880393133422e+01	
3.8571479398106101e+00	3.5496331364165297e+00	2.7466737316458026e+01	
3.8571540439132850e+00	3.5496522032080984e+00	2.7466683745078974e+01	
3.8571477655718129e+00	3.5496501036118131e+00	2.7466663375707164e+01	
3.8571206384033871e+00	3.5496256943355950e+00	2.7466647915713100e+01	
