3.8571889363284289e+00	3.5494885910853360e+00	2.7467339006600938e+01	
3.8571924527995907e+00	3.5494913148964500e+00	2.7467345019641492e+01	
3.8571996038693719e+00	3.5494910584311614e+00	2.7467377557721377e+01	
3.8572057893915006e+00	3.5494922398129267e+00	2.7467400735536074e+01	
3.8572107717079218e+00	3.5494948533867983e+00	2.7467413604422465e+01	
3.8572143724510584e+00	3.5494988561826193e+00	2.7467415600505959e+01	
3.8572164824056836e+00	3.5495041670585876e+00	2.7467406587922483e+01	
3.8572170662467613e+00	3.5495106674653223e+00	2.7467386875018821e+01	
3.8572161619505230e+00	3.5495182041752482e+00	2.7467357201379734e+01	
3.8572138751477421e+00	3.5495265941336349e+00	2.7467318696139934e+01	
3.8572103691149930e+00	3.5495356313543063e+00	2.7467272810694830e+01	
3.8572058514399972e+00	3.5495450955272041e+00	2.7467221231285745e+01	
3.8572005586240050e+00	3.5495547617763190e+00	2.7467165778755188e+01	
3.8571947399784667e+00	3.5495644108371045e+00	2.7467108303806910e+01	
3.8571886421334307e+00	3.5495738388433153e+00	2.7467050586259177e+01	
3.8571824953121623e+00	3.5495828659346005e+00	2.7466994246036940e+01	
3.8571765022654740e+00	3.5495913430159396e+00	2.7466940672128587e+01	
3.8571708304343031e+00	3.5495991561983082e+00	2.7466890973644173e+01	
3.8571656075599607e+00	3.5496062286975354e+00	2.7466845954734779e+01	
3.8571609206278117e+00	3.5496125202288900e+00	2.7466806112764896e+01	
3.8571568177467346e+00	3.5496180241735904e+00	2.7466771657051467e+01	
3.8571533123591921e+00	3.5496227629805923e+00	2.7466742543912481e+01	
3.8571503890589232e+00	3.5496267823836547e+00	2.7466718522835595e+01	
3.8571480102664331e+00	3.5496301450524239e+00	2.7466699188316845e+01	
3.8571461230664799e+00	3.5496329242619433e+00	2.7466684032272418e+01	
3.8571446656278061e+00	3.5496351980717291e+00	2.7466672492759852e+01	
3.8571435727796759e+00	3.5496370443738599e+00	2.7466663995883849e+01	
3.8571427804876506e+00	3.5496385370219161e+00	2.7466657989017815e+01	
3.8571422291304645e+00	3.5496397431101014e+00	2.7466653964673771e+01	
3.8571418656140413e+00	3.5496407213507775e+00	2.7466651475369574e+01	
3.8571416444575952e+00	3.5496415214093733e+00	2.7466650140591000e+01	
3.8571415280469896e+00	3.5496421840019572e+00	2.7466649647399944e+01	
3.8571414862745241e+00	3.5496427415408882e+00	2.7466649746414458e+01	
3.8571414957786572e+00	3.5496432191219540e+00	2.7466650244832323e+01	
3.8571415389705352e+00	3.5496436356740704e+00	2.7466650997954080e+01	
3.8571416029957466e+00	3.5496440051311904e+00	2.7466651900354812e+01	
3.8571416787374604e+00	3.5496443375279290e+00	2.7466652877519849e+01	
3.8571417599273343e+00	3.5496446399594905e+00	2.7466653878445584e+01	
3.8571418423971187e+00	3.5496449173790090e+00	2.7466654869444227e+01	
3.8571419234786535e+00	3.5496451732297514e+00	2.7466655829194256e+01	
3.8571420015431030e+00	3.5496454099255992e+00	2.7466656744947489e+01	
3.8571420756606898e+00	3.5496456292019016e+00	2.7466657609731129e+01	
3.8571421453584072e+00	3.5496458323619424e+00	2.7466658420355525e+01	
3.8571422104532949e+00	3.5496460204434523e+00	2.7466659176041780e+01	
3.8571422709413539e+00	3.5496461943266358e+00	2.7466659877505187e+01	
3.8571423269257337e+00	3.5496463548011925e+00	2.7466660526360101e+01	
3.8571423785715693e+00	3.5496465026057611e+00	2.7466661124743112e+01	
3.8571424260782381e+00	3.5496466384495622e+00	2.7466661675079031e+01	
3.8571424696626258e+00	3.5496467630230484e+00	2.7466662179937465e+01	
3.8571425095491185e+00	3.5496468770020821e+00	2.7466662641944861e+01	
3.8571425459635886e+00	3.5496469810485198e+00	2.7466663063729996e+01	
3.8571425791297100e+00	3.5496470758089913e+00	2.7466663447889047e+01	
3.8571426092666079e+00	3.5496471619128958e+00	2.7466663796962251e+01	
3.8571426365872843e+00	3.5496472399702093e+00	2.7466664113417515e+01	
3.8571426612975110e+00	3.5496473105693931e+00	2.7466664399638432e+01	
3.8571426835950202e+00	3.5496473742755899e+00	2.7466664657915267e+01	
3.8571427036689099e+00	3.5496474316291291e+00	2.7466664890438238e+01	
3.8571427216992187e+00	3.5496474831444003e+00	2.7466665099292598e+01	
3.8571427378566310e+00	3.5496475293090470e+00	2.7466665286455260e+01	
3.8571427523023054e+00	3.5496475705834989e+00	2.7466665453792825e+01	
3.8571427651878119e+00	3.5496476074007814e+00	2.7466665603060825e+01	
3.8571427766551563e+00	3.5496476401666013e+00	2.7466665735904048e+01	
3.8571427868368926e+00	3.5496476692596652e+00	2.7466665853857801e+01	
3.8571427958563058e+00	3.5496476950321920e+00	2.7466665958350028e+01	
3.8571428038276538e+00	3.5496477178106165e+00	2.7466666050704134e+01	
3.8571428108564638e+00	3.5496477378964246e+00	2.7466666132142382e+01	
3.8571428170398669e+00	3.5496477555671238e+00	2.7466666203789821e+01	
3.8571428224669697e+00	3.5496477710772898e+00	2.7466666266678548e+01	
3.8571428272192501e+00	3.5496477846597090e+00	2.7466666321752307e+01	
3.8571428313709699e+00	3.5496477965265485e+00	2.7466666369871248e+01	
3.8571428349895980e+00	3.5496478068705737e+00	2.7466666411816888e+01	
3.8571428381362414e+00	3.5496478158663685e+00	2.7466666448297019e+01	
3.8571428408660720e+00	3.5496478236715681e+00	2.7466666479950721e+01	
3.8571428432287522e+00	3.5496478304280634e+00	2.7466666507353249e+01	
3.8571428452688492e+00	3.5496478362631900e+00	2.7466666531020856e+01	
3.8571428470262368e+00	3.5496478412908772e+00	2.7466666551415443e+01	
3.8571428485364851e+00	3.5496478456127605e+00	2.7466666568949069e+01	
3.8571428498312317e+00	3.5496478493192374e+00	2.7466666583988239e+01	
3.8571428509385339e+00	3.5496478524904811e+00	2.7466666596858001e+01	
3.8571428518832018e+00	3.5496478551973851e+00	2.7466666607845799e+01	
3.8571428526871099e+00	3.5496478575024621e+00	2.7466666617205085e+01	
