3.8571428571428577e+00	3.5496478698597707e+00	2.7466666666666669e+01	
3.8571428571428568e+00	3.5496478698597680e+00	2.7466666666666665e+01	
3.8571428571428572e+00	3.5496478698597693e+00	2.7466666666666669e+01	
3.8571428571428577e+00	3.5496478698597693e+00	2.7466666666666669e+01	
3.8571428571428577e+00	3.5496478698597693e+00	2.7466666666666672e+01	
3.8571428571428577e+00	3.5496478698597693e+00	2.7466666666666669e+01	
3.8571428571428577e+00	3.5496478698597693e+00	2.7466666666666669e+01	
3.8571428571428577e+00	3.5496478698597689e+00	2.7466666666666669e+01	
3.8571428571428577e+00	3.5496478698597693e+00	2.7466666666666669e+01	
3.8571428571428577e+00	3.5496478698597689e+00	2.7466666666666669e+01	
3.8571428571428577e+00	3.5496478698597689e+00	2.7466666666666669e+01	
3.8571428571428577e+00	3.5496478698597689e+00	2.7466666666666669e+01	
3.8571428571428577e+00	3.5496478698597689e+00	2.7466666666666669e+01	
3.8571428571428572e+00	3.5496478698597689e+00	2.7466666666666669e+01	
3.8571428571428572e+00	3.5496478698597689e+00	2.7466666666666669e+01	
3.8571428571428577e+00	3.5496478698597693e+00	2.7466666666666669e+01	
3.8571428571428581e+00	3.5496478698597693e+00	2.7466666666666669e+01	
3.8571428571428581e+00	3.5496478698597693e+00	2.7466666666666669e+01	
3.8571428571428581e+00	3.5496478698597689e+00	2.7466666666666672e+01	
3.8571428571428577e+00	3.5496478698597684e+00	2.7466666666666669e+01	
3.8571428571428581e+00	3.5496478698597689e+00	2.7466666666666669e+01	
3.8571428571428585e+00	3.5496478698597671e+00	2.7466666666666676e+01	
3.8571428571428594e+00	3.5496478698597667e+00	2.7466666666666683e+01	
3.8571428571428625e+00	3.5496478698597640e+00	2.7466666666666708e+01	
3.8571428571428688e+00	3.5496478698597582e+00	2.7466666666666754e+01	
3.8571428571428825e+00	3.5496478698597445e+00	2.7466666666666860e+01	
3.8571428571429136e+00	3.5496478698597116e+00	2.7466666666667113e+01	
3.8571428571429878e+00	3.5496478698596343e+00	2.7466666666667717e+01	
3.8571428571431681e+00	3.5496478698594522e+00	2.7466666666669155e+01	
3.8571428571436028e+00	3.5496478698590099e+00	2.7466666666672644e+01	
3.8571428571446602e+00	3.5496478698579348e+00	2.7466666666681125e+01	
3.8571428571472337e+00	3.5496478698553195e+00	2.7466666666701762e+01	
3.8571428571534847e+00	3.5496478698489651e+00	2.7466666666751880e+01	
3.8571428571685846e+00	3.5496478698336191e+00	2.7466666666872943e+01	
3.8571428572047379e+00	3.5496478697968725e+00	2.7466666667162819e+01	
3.8571428572903232e+00	3.5496478697098852e+00	2.7466666667849022e+01	
3.8571428574901465e+00	3.5496478695067912e+00	2.7466666669451154e+01	
3.8571428579493272e+00	3.5496478690400943e+00	2.7466666673132735e+01	
3.8571428589859216e+00	3.5496478679865269e+00	2.7466666681443886e+01	
3.8571428612810776e+00	3.5496478656537924e+00	2.7466666699845867e+01	
3.8571428662578486e+00	3.5496478605955453e+00	2.7466666739748309e+01	
3.8571428768118960e+00	3.5496478498687116e+00	2.7466666824367906e+01	
3.8571428986726430e+00	3.5496478276500523e+00	2.7466666999641742e+01	
3.8571429428441792e+00	3.5496477827553354e+00	2.7466667353797682e+01	
3.8571430298028742e+00	3.5496476943729700e+00	2.7466668051009869e+01	
3.8571431963858815e+00	3.5496475250626358e+00	2.7466669386629295e+01	
3.8571435065066368e+00	3.5496472098644309e+00	2.7466671873097532e+01	
3.8571440668026491e+00	3.5496466403949056e+00	2.7466676365406471e+01	
3.8571450477623834e+00	3.5496456433737937e+00	2.7466684230489815e+01	
3.8571467093930925e+00	3.5496439545351897e+00	2.7466697553023117e+01	
3.8571494276810614e+00	3.5496411917332251e+00	2.7466719347576369e+01	
3.8571537138086422e+00	3.5496368354072958e+00	2.7466753712698665e+01	
3.8571602128290383e+00	3.5496302299218070e+00	2.7466805820312089e+01	
3.8571696638716535e+00	3.5496206240036781e+00	2.7466881596667982e+01	
3.8571828029425617e+00	3.5496072695245804e+00	2.7466986943041725e+01	
3.8572001959980353e+00	3.5495895911500615e+00	2.7467126397385808e+01	
3.8572220077679380e+00	3.5495674213031889e+00	2.7467301280815857e+01	
3.8572477412286523e+00	3.5495412650018077e+00	2.7467507608653499e+01	
3.8572760178644900e+00	3.5495125232787319e+00	2.7467734328411094e+01	
3.8573044962022593e+00	3.5494835760606014e+00	2.7467962666473451e+01	
3.8573300261823342e+00	3.5494576253299046e+00	2.7468167365689279e+01	
3.8573490926013556e+00	3.5494382444350800e+00	2.7468320240687742e+01	
3.8573585097130447e+00	3.5494286719411097e+00	2.7468395747419763e+01	
3.8573562142993603e+00	3.5494310052046649e+00	2.7468377342800459e+01	
3.8573419144141647e+00	3.5494455408364782e+00	2.7468262686473999e+01	
3.8573173410853929e+00	3.5494705190690370e+00	2.7468065658115449e+01	
3.8572859525503991e+00	3.5495024244094271e+00	2.7467813986257116e+01	
3.8572521344182542e+00	3.5495367985374031e+00	2.7467542836083336e+01	
3.8572201446992147e+00	3.5495693133249264e+00	2.7467286348284023e+01	
3.8571931651385656e+00	3.5495967356031577e+00	2.7467070030682905e+01	
3.8571727739439998e+00	3.5496174614686407e+00	2.7466906536723712e+01	
3.8571589683341680e+00	3.5496314925919537e+00	2.7466795849013970e+01	
3.8571506313225825e+00	3.5496399651437098e+00	2.7466729008590065e+01	
3.8571461753676473e+00	3.5496444954884527e+00	2.7466693276000193e+01	
3.8571440894631626e+00	3.5496466167304086e+00	2.7466676546843605e+01	
3.8571432447023746e+00	3.5496474715873565e+00	2.7466669788277702e+01	
3.8571429565454034e+00	3.5496477638284540e+00	2.7466667480567541e+01	
3.8571428807161321e+00	3.5496478505150009e+00	2.7466666835642094e+01	
3.8571428632262297e+00	3.5496478691711690e+00	2.7466666693691074e+01	
3.8571428544213848e+00	3.5496478670292144e+00	2.7466666669745759e+01	
3.8571428683446620e+00	3.5496478809641401e+00	2.7466666676295546e+01	
