3.8571428571428568e+00	3.5496478698597693e+00	2.7466666666666665e+01	
3.8571428571428577e+00	3.5496478698597698e+00	2.7466666666666669e+01	
3.8571428571428577e+00	3.5496478698597689e+00	2.7466666666666669e+01	
3.8571428571428577e+00	3.5496478698597698e+00	2.7466666666666669e+01	
3.8571428571428577e+00	3.5496478698597693e+00	2.7466666666666672e+01	
3.8571428571428585e+00	3.5496478698597684e+00	2.7466666666666676e+01	
3.8571428571428599e+00	3.5496478698597667e+00	2.7466666666666690e+01	
3.8571428571428634e+00	3.5496478698597635e+00	2.7466666666666715e+01	
3.8571428571428710e+00	3.5496478698597560e+00	2.7466666666666779e+01	
3.8571428571428901e+00	3.5496478698597369e+00	2.7466666666666928e+01	
3.8571428571429331e+00	3.5496478698596925e+00	2.7466666666667276e+01	
3.8571428571430340e+00	3.5496478698595908e+00	2.7466666666668079e+01	
3.8571428571432649e+00	3.5496478698593554e+00	2.7466666666669930e+01	
3.8571428571437911e+00	3.5496478698588207e+00	2.7466666666674151e+01	
3.8571428571449795e+00	3.5496478698576128e+00	2.7466666666683679e+01	
3.8571428571476312e+00	3.5496478698549168e+00	2.7466666666704942e+01	
3.8571428571534794e+00	3.5496478698489731e+00	2.7466666666751834e+01	
3.8571428571662110e+00	3.5496478698360336e+00	2.7466666666853911e+01	
3.8571428571935509e+00	3.5496478698082470e+00	2.7466666667073110e+01	
3.8571428572514290e+00	3.5496478697494211e+00	2.7466666667537162e+01	
3.8571428573721529e+00	3.5496478696267211e+00	2.7466666668505095e+01	
3.8571428576201083e+00	3.5496478693747058e+00	2.7466666670493137e+01	
3.8571428581213234e+00	3.5496478688652848e+00	2.7466666674511750e+01	
3.8571428591179195e+00	3.5496478678523733e+00	2.7466666682502193e+01	
3.8571428610661256e+00	3.5496478658722710e+00	2.7466666698122406e+01	
3.8571428648085364e+00	3.5496478620685892e+00	2.7466666728128086e+01	
3.8571428718692249e+00	3.5496478548923029e+00	2.7466666784738859e+01	
3.8571428849458904e+00	3.5496478416015460e+00	2.7466666889584168e+01	
3.8571429087072455e+00	3.5496478174511705e+00	2.7466667080096556e+01	
3.8571429510454105e+00	3.5496477744198436e+00	2.7466667419552984e+01	
3.8571430249773693e+00	3.5496476992774655e+00	2.7466668012320262e+01	
3.8571431514255070e+00	3.5496475707591015e+00	2.7466669026148679e+01	
3.8571433631147700e+00	3.5496473556040069e+00	2.7466670723418421e+01	
3.8571437097718397e+00	3.5496470032713097e+00	2.7466673502825284e+01	
3.8571442646580851e+00	3.5496464393000413e+00	2.7466677951760325e+01	
3.8571451321659924e+00	3.5496455575882044e+00	2.7466684907216386e+01	
3.8571464557194752e+00	3.5496442123628538e+00	2.7466695519131388e+01	
3.8571484245339942e+00	3.5496422113087727e+00	2.7466711304590437e+01	
3.8571512769673912e+00	3.5496393121618639e+00	2.7466734174694153e+01	
3.8571552973768970e+00	3.5496352259020942e+00	2.7466766409362513e+01	
3.8571608028603457e+00	3.5496296302272130e+00	2.7466810551034328e+01	
3.8571681163765481e+00	3.5496221968698496e+00	2.7466869189159382e+01	
3.8571775239322275e+00	3.5496126351091863e+00	2.7466944616939639e+01	
3.8571892161238348e+00	3.5496007511856380e+00	2.7467038362627644e+01	
3.8572032183842784e+00	3.5495865191994849e+00	2.7467150630254665e+01	
3.8572193193701647e+00	3.5495701539056292e+00	2.7467279725435453e+01	
3.8572370119708621e+00	3.5495521706870243e+00	2.7467421582355371e+01	
3.8572554647813253e+00	3.5495334145705506e+00	2.7467569534997136e+01	
3.8572735416522379e+00	3.5495150403768609e+00	2.7467714473843568e+01	
3.8572898815678514e+00	3.5494984315430895e+00	2.7467845486300028e+01	
3.8573030402016242e+00	3.5494850562362630e+00	2.7467950991683566e+01	
3.8573116794793347e+00	3.5494762746478234e+00	2.7468020261181191e+01	
3.8573147757693800e+00	3.5494731273382771e+00	2.7468045087195250e+01	
3.8573118057717104e+00	3.5494761462498414e+00	2.7468021273876975e+01	
3.8573028666332969e+00	3.5494852325944417e+00	2.7467949600247092e+01	
3.8572886962045621e+00	3.5494996362764120e+00	2.7467835982579679e+01	
3.8572705800098510e+00	3.5495180504946466e+00	2.7467690728401486e+01	
3.8572501586199950e+00	3.5495388075918219e+00	2.7467526991900399e+01	
3.8572291747842113e+00	3.5495601361208653e+00	2.7467358746363054e+01	
3.8572092155161313e+00	3.5495804230090875e+00	2.7467198716226068e+01	
3.8571915046953440e+00	3.5495984243448344e+00	2.7467056714226320e+01	
3.8571767862157418e+00	3.5496133841120052e+00	2.7466938704583260e+01	
3.8571653115343891e+00	3.5496250468103008e+00	2.7466846703247537e+01	
3.8571569176277096e+00	3.5496335781976085e+00	2.7466779402990269e+01	
3.8571511609616298e+00	3.5496394291156315e+00	2.7466733247565550e+01	
3.8571474657828380e+00	3.5496431847710248e+00	2.7466703620670977e+01	
3.8571452511022648e+00	3.5496454356783023e+00	2.7466685864056235e+01	
3.8571440156010821e+00	3.5496466913695333e+00	2.7466675958264311e+01	
3.8571433765182763e+00	3.5496473408742037e+00	2.7466670834412643e+01	
3.8571430714284682e+00	3.5496476509145403e+00	2.7466668388442017e+01	
3.8571429377596163e+00	3.5496477867240710e+00	2.7466667316892799e+01	
3.8571428843667555e+00	3.5496478409396102e+00	2.7466666888989817e+01	
3.8571428650725501e+00	3.5496478604941410e+00	2.7466666734496602e+01	
3.8571428588169963e+00	3.5496478667921285e+00	2.7466666684560803e+01	
3.8571428570062620e+00	3.5496478685675878e+00	2.7466666670281295e+01	
3.8571428565290917e+00	3.5496478689823467e+00	2.7466666666714271e+01	
3.8571428563978722e+00	3.5496478690409345e+00	2.7466666665938341e+01	
3.8571428563425676e+00	3.5496478690199598e+00	2.7466666665779993e+01	
3.8571428563021763e+00	3.5496478689853332e+00	2.7466666665734770e+01	
3.8571428562696188e+00	3.5496478689538993e+00	2.7466666665708072e+01	
3.8571428562551149e+00	3.5496478689385960e+00	2.7466666665690358e+01	
