3.8571428571430730e+00	3.5496478698593563e+00	2.7466666666668857e+01	
3.8571428571432391e+00	3.5496478698592853e+00	2.7466666666669905e+01	
3.8571428571437516e+00	3.5496478698588074e+00	2.7466666666673898e+01	
3.8571428571448103e+00	3.5496478698577549e+00	2.7466666666682343e+01	
3.8571428571470232e+00	3.5496478698555167e+00	2.7466666666700071e+01	
3.8571428571516182e+00	3.5496478698508542e+00	2.7466666666736906e+01	
3.8571428571610533e+00	3.5496478698412677e+00	2.7466666666812557e+01	
3.8571428571801896e+00	3.5496478698218201e+00	2.7466666666965992e+01	
3.8571428572185020e+00	3.5496478697828819e+00	2.7466666667273170e+01	
3.8571428572941930e+00	3.5496478697059546e+00	2.7466666667880034e+01	
3.8571428574416959e+00	3.5496478695560367e+00	2.7466666669062676e+01	
3.8571428577251559e+00	3.5496478692679383e+00	2.7466666671335382e+01	
3.8571428582621463e+00	3.5496478687221544e+00	2.7466666675640838e+01	
3.8571428592646617e+00	3.5496478677032255e+00	2.7466666683678753e+01	
3.8571428611084979e+00	3.5496478658292032e+00	2.7466666698462145e+01	
3.8571428644482699e+00	3.5496478624347536e+00	2.7466666725239570e+01	
3.8571428704039121e+00	3.5496478563816058e+00	2.7466666772990362e+01	
3.8571428808560939e+00	3.5496478457583009e+00	2.7466666856793246e+01	
3.8571428989027257e+00	3.5496478274162104e+00	2.7466667001486453e+01	
3.8571429295459430e+00	3.5496477962713011e+00	2.7466667247175824e+01	
3.8571429806967781e+00	3.5496477442830221e+00	2.7466667657289964e+01	
3.8571430645991422e+00	3.5496476590070025e+00	2.7466668329997372e+01	
3.8571431997790815e+00	3.5496475216138741e+00	2.7466669413835120e+01	
3.8571434136094842e+00	3.5496473042825789e+00	2.7466671128271976e+01	
3.8571437455312614e+00	3.5496469669264212e+00	2.7466673789535083e+01	
3.8571442508744176e+00	3.5496464533094034e+00	2.7466677841246369e+01	
3.8571450050621729e+00	3.5496456867731920e+00	2.7466683888130351e+01	
3.8571461077507920e+00	3.5496445660293623e+00	2.7466692729206517e+01	
3.8571476861630476e+00	3.5496429617710801e+00	2.7466705384516864e+01	
3.8571498965432136e+00	3.5496407151938367e+00	2.7466723106792724e+01	
3.8571529223555885e+00	3.5496376398257197e+00	2.7466747367012623e+01	
3.8571569676605670e+00	3.5496335282588003e+00	2.7466779801295637e+01	
3.8571622441547802e+00	3.5496281653199704e+00	2.7466822106995426e+01	
3.8571689507869480e+00	3.5496213487876229e+00	2.7466875879268102e+01	
3.8571772457657141e+00	3.5496129178413778e+00	2.7466942386639900e+01	
3.8571872121926063e+00	3.5496027879922907e+00	2.7467022295459827e+01	
3.8571988203877754e+00	3.5495909893765449e+00	2.7467115367830907e+01	
3.8572118919658349e+00	3.5495777032732643e+00	2.7467220173566602e+01	
3.8572260724276779e+00	3.5495632899698575e+00	2.7467333870419580e+01	
3.8572408199023571e+00	3.5495483002146595e+00	2.7467452113793566e+01	
3.8572554171363800e+00	3.5495334630406719e+00	2.7467569152849300e+01	
3.8572690114910375e+00	3.5495196451179511e+00	2.7467678151182938e+01	
3.8572806835390283e+00	3.5495077810299005e+00	2.7467771736826027e+01	
3.8572895393270747e+00	3.5494987794855168e+00	2.7467842742017474e+01	
3.8572948155078968e+00	3.5494934164425547e+00	2.7467885046178939e+01	
3.8572959817526105e+00	3.5494922309914561e+00	2.7467894397092433e+01	
3.8572928226100744e+00	3.5494954421339475e+00	2.7467869067276546e+01	
3.8572854823826215e+00	3.5495029031639493e+00	2.7467810213807169e+01	
3.8572744619291934e+00	3.5495141049254033e+00	2.7467721852665250e+01	
3.8572605648133216e+00	3.5495282305695994e+00	2.7467610426910781e+01	
3.8572448000987696e+00	3.5495442543817282e+00	2.7467484027253374e+01	
3.8572282579672903e+00	3.5495610682271170e+00	2.7467351394725164e+01	
3.8572119798625981e+00	3.5495776135495030e+00	2.7467220879492427e+01	
3.8571968455190007e+00	3.5495929961938670e+00	2.7467099535076507e+01	
3.8571834948027814e+00	3.5496065658349210e+00	2.7466992491720667e+01	
3.8571722940090440e+00	3.5496179502167564e+00	2.7466902686201667e+01	
3.8571633464156663e+00	3.5496270444115536e+00	2.7466830946481661e+01	
3.8571565381311879e+00	3.5496339642111692e+00	2.7466776359327078e+01	
3.8571516047120449e+00	3.5496389784149422e+00	2.7466736804438128e+01	
3.8571482026618487e+00	3.5496424361597820e+00	2.7466709527711565e+01	
3.8571459724314598e+00	3.5496447028908151e+00	2.7466691646354111e+01	
3.8571445845366230e+00	3.5496461134913084e+00	2.7466680518635780e+01	
3.8571437660766583e+00	3.5496469453319270e+00	2.7466673956505076e+01	
3.8571433096584329e+00	3.5496474092020120e+00	2.7466670297135977e+01	
3.8571430695586120e+00	3.5496476532108967e+00	2.7466668372156217e+01	
3.8571429507467587e+00	3.5496477739448604e+00	2.7466667419636522e+01	
3.8571428956194529e+00	3.5496478299503331e+00	2.7466666977727918e+01	
3.8571428717231173e+00	3.5496478542121173e+00	2.7466666786226465e+01	
3.8571428620842907e+00	3.5496478639814426e+00	2.7466666709043828e+01	
3.8571428584804641e+00	3.5496478676153034e+00	2.7466666680254566e+01	
3.8571428572337862e+00	3.5496478688516131e+00	2.7466666670371222e+01	
3.8571428568315258e+00	3.5496478692276980e+00	2.7466666667265770e+01	
3.8571428567044470e+00	3.5496478693219227e+00	2.7466666666374969e+01	
3.8571428566577834e+00	3.5496478693320248e+00	2.7466666666138075e+01	
3.8571428566313659e+00	3.5496478693189184e+00	2.7466666666073600e+01	
3.8571428566085091e+00	3.5496478692992848e+00	2.7466666666048841e+01	
3.8571428565850363e+00	3.5496478692770692e+00	2.7466666666031486e+01	
3.8571428565599359e+00	3.5496478692529858e+00	2.7466666666014646e+01	
3.8571428565329064e+00	3.5496478692270506e+00	2.7466666665997032e+01	
3.8571428565038421e+00	3.5496478691992102e+00	2.7466666665978416e+01	
3.8571428564728278e+00	3.5496478691695454e+00	2.7466666665958815e+01	
