3.8571428571428577e+00	3.5496478698597698e+00	2.7466666666666669e+01	
3.8571428571428577e+00	3.5496478698597684e+00	2.7466666666666672e+01	
3.8571428571428581e+00	3.5496478698597693e+00	2.7466666666666669e+01	
3.8571428571428581e+00	3.5496478698597693e+00	2.7466666666666669e+01	
3.8571428571428577e+00	3.5496478698597689e+00	2.7466666666666669e+01	
3.8571428571428577e+00	3.5496478698597693e+00	2.7466666666666669e+01	
3.8571428571428577e+00	3.5496478698597684e+00	2.7466666666666669e+01	
3.8571428571428577e+00	3.5496478698597693e+00	2.7466666666666669e+01	
3.8571428571428577e+00	3.5496478698597693e+00	2.7466666666666669e+01	
3.8571428571428577e+00	3.5496478698597689e+00	2.7466666666666669e+01	
3.8571428571428577e+00	3.5496478698597689e+00	2.7466666666666669e+01	
3.8571428571428577e+00	3.5496478698597689e+00	2.7466666666666669e+01	
3.8571428571428577e+00	3.5496478698597689e+00	2.7466666666666669e+01	
3.8571428571428572e+00	3.5496478698597684e+00	2.7466666666666669e+01	
3.8571428571428577e+00	3.5496478698597689e+00	2.7466666666666665e+01	
3.8571428571428572e+00	3.5496478698597689e+00	2.7466666666666669e+01	
3.8571428571428572e+00	3.5496478698597689e+00	2.7466666666666669e+01	
3.8571428571428572e+00	3.5496478698597689e+00	2.7466666666666669e+01	
3.8571428571428572e+00	3.5496478698597684e+00	2.7466666666666669e+01	
3.8571428571428572e+00	3.5496478698597684e+00	2.7466666666666672e+01	
3.8571428571428577e+00	3.5496478698597684e+00	2.7466666666666669e+01	
3.8571428571428577e+00	3.5496478698597684e+00	2.7466666666666669e+01	
3.8571428571428577e+00	3.5496478698597684e+00	2.7466666666666669e+01	
3.8571428571428577e+00	3.5496478698597684e+00	2.7466666666666669e+01	
3.8571428571428577e+00	3.5496478698597675e+00	2.7466666666666669e+01	
3.8571428571428572e+00	3.5496478698597671e+00	2.7466666666666669e+01	
3.8571428571428563e+00	3.5496478698597662e+00	2.7466666666666669e+01	
3.8571428571428572e+00	3.5496478698597662e+00	2.7466666666666669e+01	
3.8571428571428594e+00	3.5496478698597680e+00	2.7466666666666672e+01	
3.8571428571428590e+00	3.5496478698597649e+00	2.7466666666666686e+01	
3.8571428571428581e+00	3.5496478698597596e+00	2.7466666666666708e+01	
3.8571428571428683e+00	3.5496478698597591e+00	2.7466666666666754e+01	
3.8571428571428861e+00	3.5496478698597524e+00	2.7466666666666857e+01	
3.8571428571429003e+00	3.5496478698597151e+00	2.7466666666667066e+01	
3.8571428571429527e+00	3.5496478698596503e+00	2.7466666666667539e+01	
3.8571428571431179e+00	3.5496478698595433e+00	2.7466666666668637e+01	
3.8571428571434314e+00	3.5496478698592306e+00	2.7466666666671141e+01	
3.8571428571441015e+00	3.5496478698584220e+00	2.7466666666677021e+01	
3.8571428571458992e+00	3.5496478698566412e+00	2.7466666666691243e+01	
3.8571428571503668e+00	3.5496478698523575e+00	2.7466666666726017e+01	
3.8571428571609587e+00	3.5496478698413587e+00	2.7466666666811786e+01	
3.8571428571873421e+00	3.5496478698140272e+00	2.7466666667025201e+01	
3.8571428572540789e+00	3.5496478697468383e+00	2.7466666667557547e+01	
3.8571428574193778e+00	3.5496478695795375e+00	2.7466666668879785e+01	
3.8571428578247549e+00	3.5496478691656033e+00	2.7466666672137102e+01	
3.8571428588130763e+00	3.5496478681600974e+00	2.7466666680064677e+01	
3.8571428611824921e+00	3.5496478657562123e+00	2.7466666699044691e+01	
3.8571428667384078e+00	3.5496478601094186e+00	2.7466666743590146e+01	
3.8571428794800200e+00	3.5496478471496227e+00	2.7466666845787209e+01	
3.8571429079934938e+00	3.5496478181736073e+00	2.7466667074385860e+01	
3.8571429700335824e+00	3.5496477551381522e+00	2.7466667571731183e+01	
3.8571431009998767e+00	3.5496476220121211e+00	2.7466668621852637e+01	
3.8571433688093255e+00	3.5496473497845353e+00	2.7466670769221324e+01	
3.8571438980986619e+00	3.5496468118847213e+00	2.7466675012724409e+01	
3.8571449065882080e+00	3.5496457869426248e+00	2.7466683098319763e+01	
3.8571467547964891e+00	3.5496439083370821e+00	2.7466697917331178e+01	
3.8571500043777296e+00	3.5496406054806489e+00	2.7466723971913797e+01	
3.8571554687820035e+00	3.5496350519044859e+00	2.7466767782891448e+01	
3.8571642251678733e+00	3.5496261520441359e+00	2.7466837989586008e+01	
3.8571775412354379e+00	3.5496126169652018e+00	2.7466944757809905e+01	
3.8571966603999117e+00	3.5495931844809765e+00	2.7467098050439347e+01	
3.8572224045250141e+00	3.5495670191059712e+00	2.7467304457176191e+01	
3.8572546198419992e+00	3.5495342729255057e+00	2.7467562761088633e+01	
3.8572915974117379e+00	3.5494966840982016e+00	2.7467859255109513e+01	
3.8573297036155729e+00	3.5494579537814523e+00	2.7468164774478829e+01	
3.8573635248279796e+00	3.5494235784038470e+00	2.7468435938239235e+01	
3.8573867841778293e+00	3.5493999243475702e+00	2.7468622474302542e+01	
3.8573939921930274e+00	3.5493925928708521e+00	2.7468680286160620e+01	
3.8573823215915430e+00	3.5494044812899244e+00	2.7468586614039147e+01	
3.8573529351991644e+00	3.5494343524646026e+00	2.7468350998161469e+01	
3.8573111151968065e+00	3.5494768095457649e+00	2.7468015899332553e+01	
3.8572648340533320e+00	3.5495238803202751e+00	2.7467644725168860e+01	
3.8572220598694305e+00	3.5495674691090469e+00	2.7467301350839165e+01	
3.8571882211482134e+00	3.5496017695069799e+00	2.7467030434554314e+01	
3.8571653391010825e+00	3.5496248441253790e+00	2.7466847721923251e+01	
3.8571524634311172e+00	3.5496382384964473e+00	2.7466743314391035e+01	
3.8571463929930943e+00	3.5496446986287111e+00	2.7466693522356696e+01	
3.8571435857188914e+00	3.5496467833978409e+00	2.7466674004513621e+01	
3.8571427295611405e+00	3.5496473973964520e+00	2.7466668042014781e+01	
3.8571435245775132e+00	3.5496484162637558e+00	2.7466667016708037e+01	
3.8571434423683186e+00	3.5496483399696364e+00	2.7466666549183586e+01	
