3.8571439476801097e+00	3.5496450707812883e+00	2.7466679777738314e+01	
3.8571443572619977e+00	3.5496451135710281e+00	2.7466681554954818e+01	
3.8571453158276743e+00	3.5496444693453659e+00	2.7466688205894357e+01	
3.8571464942640725e+00	3.5496435076970596e+00	2.7466696957511811e+01	
3.8571479736975500e+00	3.5496421726354015e+00	2.7466708359550353e+01	
3.8571498406841274e+00	3.5496403957391278e+00	2.7466723032159518e+01	
3.8571521861296167e+00	3.5496380987919300e+00	2.7466741651212679e+01	
3.8571551027165074e+00	3.5496351977034863e+00	2.7466764922563733e+01	
3.8571586806323190e+00	3.5496316079126382e+00	2.7466793543644155e+01	
3.8571630015244600e+00	3.5496272513638689e+00	2.7466828151740405e+01	
3.8571681307884296e+00	3.5496220649779371e+00	2.7466869259692764e+01	
3.8571741085265852e+00	3.5496160103089012e+00	2.7466917181582158e+01	
3.8571809397790102e+00	3.5496090838108141e+00	2.7466971953091999e+01	
3.8571885848987204e+00	3.5496013268587072e+00	2.7467033253416353e+01	
3.8571969511804842e+00	3.5495928344224006e+00	2.7467100337506377e+01	
3.8572058870075265e+00	3.5495837611288366e+00	2.7467171988710401e+01	
3.8572151798029650e+00	3.5495743234205879e+00	2.7467246502063787e+01	
3.8572245589206253e+00	3.5495647966685930e+00	2.7467321707280934e+01	
3.8572337042591771e+00	3.5495555064501980e+00	2.7467395037703241e+01	
3.8572422608394201e+00	3.5495468137540107e+00	2.7467463647104267e+01	
3.8572498588881197e+00	3.5495390945791749e+00	2.7467524570676652e+01	
3.8572561382009245e+00	3.5495327151790956e+00	2.7467574920349293e+01	
3.8572607748200127e+00	3.5495280049481321e+00	2.7467612098677584e+01	
3.8572635074831845e+00	3.5495252295379340e+00	2.7467634010909684e+01	
3.8572641609989553e+00	3.5495245670972082e+00	2.7467639252409413e+01	
3.8572626637656575e+00	3.5495260904640062e+00	2.7467627249126473e+01	
3.8572590571187781e+00	3.5495297576654301e+00	2.7467598332543421e+01	
3.8572534950299451e+00	3.5495354122261014e+00	2.7467553737259053e+01	
3.8572462337939895e+00	3.5495427936548465e+00	2.7467495518293276e+01	
3.8572376125702297e+00	3.5495515572284679e+00	2.7467426395059700e+01	
3.8572280268010490e+00	3.5495613010152471e+00	2.7467349538229197e+01	
3.8572178974272520e+00	3.5495715971696260e+00	2.7467268322894821e+01	
3.8572076393065204e+00	3.5495820240350038e+00	2.7467186075351471e+01	
3.8571976322385431e+00	3.5495921955948924e+00	2.7467105840780143e+01	
3.8571881975144584e+00	3.5496017853071606e+00	2.7467030195229448e+01	
3.8571795820310002e+00	3.5496105422481414e+00	2.7466961118252371e+01	
3.8571719508997746e+00	3.5496182986217413e+00	2.7466899933656354e+01	
3.8571653883319144e+00	3.5496249688576675e+00	2.7466847316603168e+01	
3.8571599055750552e+00	3.5496305415424012e+00	2.7466803357251052e+01	
3.8571554539689021e+00	3.5496350661485785e+00	2.7466767665434510e+01	
3.8571519408466588e+00	3.5496386368726744e+00	2.7466739498159651e+01	
3.8571492460461037e+00	3.5496413758536880e+00	2.7466717891985997e+01	
3.8571472371423905e+00	3.5496434176913771e+00	2.7466701785158559e+01	
3.8571457820655932e+00	3.5496448966227123e+00	2.7466690118771069e+01	
3.8571447583928915e+00	3.5496459370781261e+00	2.7466681911267322e+01	
3.8571440591919868e+00	3.5496466477428852e+00	2.7466676305291337e+01	
3.8571435957539464e+00	3.5496471187798506e+00	2.7466672589598041e+01	
3.8571432978466653e+00	3.5496474215721046e+00	2.7466670201085051e+01	
3.8571431122415678e+00	3.5496476102205174e+00	2.7466668712979967e+01	
3.8571430002444833e+00	3.5496477240533908e+00	2.7466667815043461e+01	
3.8571429348427380e+00	3.5496477905261390e+00	2.7466667290695352e+01	
3.8571428979139903e+00	3.5496478280581796e+00	2.7466666994635769e+01	
3.8571428777707699e+00	3.5496478485286218e+00	2.7466666833157916e+01	
3.8571428671672212e+00	3.5496478593021807e+00	2.7466666748166652e+01	
3.8571428617859858e+00	3.5496478647670751e+00	2.7466666705046720e+01	
3.8571428591558465e+00	3.5496478674351177e+00	2.7466666683984712e+01	
3.8571428579188280e+00	3.5496478686866180e+00	2.7466666674092895e+01	
3.8571428573591042e+00	3.5496478692492022e+00	2.7466666669632069e+01	
3.8571428571150661e+00	3.5496478694904550e+00	2.7466666667703070e+01	
3.8571428570118571e+00	3.5496478695881373e+00	2.7466666666904029e+01	
3.8571428569686446e+00	3.5496478696244331e+00	2.7466666666586946e+01	
3.8571428569497583e+00	3.5496478696356131e+00	2.7466666666465915e+01	
3.8571428569401975e+00	3.5496478696369347e+00	2.7466666666420739e+01	
3.8571428569339590e+00	3.5496478696345011e+00	2.7466666666403366e+01	
3.8571428569287582e+00	3.5496478696306299e+00	2.7466666666395568e+01	
3.8571428569237698e+00	3.5496478696261509e+00	2.7466666666390804e+01	
3.8571428569187076e+00	3.5496478696213445e+00	2.7466666666386871e+01	
3.8571428569134731e+00	3.5496478696162956e+00	2.7466666666383066e+01	
3.8571428569080282e+00	3.5496478696110221e+00	2.7466666666379187e+01	
3.8571428569023540e+00	3.5496478696055225e+00	2.7466666666375176e+01	
3.8571428568964339e+00	3.5496478695997884e+00	2.7466666666371012e+01	
3.8571428568902535e+00	3.5496478695938061e+00	2.7466666666366702e+01	
3.8571428568837964e+00	3.5496478695875640e+00	2.7466666666362237e+01	
3.8571428568770445e+00	3.5496478695810434e+00	2.7466666666357604e+01	
3.8571428568699777e+00	3.5496478695742271e+00	2.7466666666352815e+01	
3.8571428568625761e+00	3.5496478695670968e+00	2.7466666666347844e+01	
3.8571428568548152e+00	3.5496478695596307e+00	2.7466666666342689e+01	
3.8571428568466697e+00	3.5496478695518050e+00	2.7466666666337339e+01	
3.8571428568381121e+00	3.5496478695435938e+00	2.7466666666331783e+01	
3.8571428568291117e+00	3.5496478695349700e+00	2.7466666666326010e+01	
3.8571428568196340e+00	3.5496478695259013e+00	2.7466666666319995e+01	
