1.0333333333335053e+01	9.2027907737092385e-01	2.6790123456782351e+00	
1.0333333333334364e+01	9.2027907737112191e-01	2.6790123456780597e+00	
1.0333333333338539e+01	9.2027907737068615e-01	2.6790123456800363e+00	
1.0333333333337190e+01	9.2027907737099024e-01	2.6790123456810520e+00	
1.0333333333334140e+01	9.2027907737149595e-01	2.6790123456792068e+00	
1.0333333333333558e+01	9.2027907737160808e-01	2.6790123456767350e+00	
1.0333333333335192e+01	9.2027907737131520e-01	2.6790123456776631e+00	
1.0333333333336032e+01	9.2027907737097348e-01	2.6790123456814672e+00	
1.0333333333334393e+01	9.2027907737076642e-01	2.6790123456823816e+00	
1.0333333333331204e+01	9.2027907737054471e-01	2.6790123456776773e+00	
1.0333333333328175e+01	9.2027907737009029e-01	2.6790123456735135e+00	
1.0333333333325953e+01	9.2027907736937931e-01	2.6790123456771475e+00	
1.0333333333324385e+01	9.2027907736856263e-01	2.6790123456845150e+00	
1.0333333333323957e+01	9.2027907736778902e-01	2.6790123456836050e+00	
1.0333333333326525e+01	9.2027907736710624e-01	2.6790123456731814e+00	
1.0333333333334904e+01	9.2027907736650394e-01	2.6790123456689536e+00	
1.0333333333352195e+01	9.2027907736596082e-01	2.6790123456818220e+00	
1.0333333333381821e+01	9.2027907736537407e-01	2.6790123456971582e+00	
1.0333333333428122e+01	9.2027907736437797e-01	2.6790123456923998e+00	
1.0333333333497013e+01	9.2027907736212611e-01	2.6790123456750861e+00	
1.0333333333596597e+01	9.2027907735706105e-01	2.6790123456807819e+00	
1.0333333333738342e+01	9.2027907734661440e-01	2.6790123457206221e+00	
1.0333333333939605e+01	9.2027907732675851e-01	2.6790123457544852e+00	
1.0333333334228595e+01	9.2027907729131919e-01	2.6790123457470161e+00	
1.0333333334653153e+01	9.2027907723091262e-01	2.6790123457364290e+00	
1.0333333335295777e+01	9.2027907713123591e-01	2.6790123457991526e+00	
1.0333333336298617e+01	9.2027907697026823e-01	2.6790123459388462e+00	
1.0333333337903280e+01	9.2027907671375275e-01	2.6790123460744639e+00	
1.0333333340511336e+01	9.2027907630814842e-01	2.6790123461887774e+00	
1.0333333344773667e+01	9.2027907566988654e-01	2.6790123464370112e+00	
1.0333333351722105e+01	9.2027907466895065e-01	2.6790123470199290e+00	
1.0333333362969835e+01	9.2027907310297474e-01	2.6790123479830945e+00	
1.0333333381032665e+01	9.2027907065451464e-01	2.6790123493027900e+00	
1.0333333409865801e+01	9.2027906681838001e-01	2.6790123512524566e+00	
1.0333333455770800e+01	9.2027906077785648e-01	2.6790123545716731e+00	
1.0333333528899855e+01	9.2027905119899933e-01	2.6790123601939722e+00	
1.0333333645664430e+01	9.2027903590167837e-01	2.6790123690695502e+00	
1.0333333832452231e+01	9.2027901135342560e-01	2.6790123827567891e+00	
1.0333334131224161e+01	9.2027897191020314e-01	2.6790124044973327e+00	
1.0333334607931636e+01	9.2027890867954798e-01	2.6790124397877992e+00	
1.0333335365484473e+01	9.2027880777662152e-01	2.6790124964182427e+00	
1.0333336564471546e+01	9.2027864754744582e-01	2.6790125855527083e+00	
1.0333338457132095e+01	9.2027839402695921e-01	2.6790127252336053e+00	
1.0333341442934488e+01	9.2027799351704742e-01	2.6790129456744909e+00	
1.0333346156563374e+01	9.2027736084208567e-01	2.6790132951109760e+00	
1.0333353599360411e+01	9.2027636180542527e-01	2.6790138475686569e+00	
1.0333365321245285e+01	9.2027478890554082e-01	2.6790147161198652e+00	
1.0333383650985525e+01	9.2027233059255664e-01	2.6790160724754544e+00	
1.0333411960837260e+01	9.2026853592644620e-01	2.6790181683230352e+00	
1.0333454944313349e+01	9.2026277746486174e-01	2.6790213534603535e+00	
1.0333518893524028e+01	9.2025421417335151e-01	2.6790260926009082e+00	
1.0333611991131505e+01	9.2024175231842409e-01	2.6790329881693138e+00	
1.0333744669616859e+01	9.2022399726258652e-01	2.6790428126223040e+00	
1.0333930094556738e+01	9.2019918855189975e-01	2.6790565458969398e+00	
1.0334184726544372e+01	9.2016512436617259e-01	2.6790754102190104e+00	
1.0334528639031815e+01	9.2011911855713790e-01	2.6791008874548243e+00	
1.0334984822579035e+01	9.2005809333577404e-01	2.6791346730964287e+00	
1.0335576259559685e+01	9.1997897043023102e-01	2.6791784708220132e+00	
1.0336319482282692e+01	9.1987953298335157e-01	2.6792335139690264e+00	
1.0337214114014818e+01	9.1975982502658216e-01	2.6792997747354650e+00	
1.0338229830076036e+01	9.1962389588056670e-01	2.6793749915068790e+00	
1.0339294943664202e+01	9.1948132663386561e-01	2.6794538425522640e+00	
1.0340293187786230e+01	9.1934766000677171e-01	2.6795277298436360e+00	
1.0341075318876188e+01	9.1924284906117781e-01	2.6795856267734899e+00	
1.0341488308726701e+01	9.1918735718506717e-01	2.6796162025589192e+00	
1.0341417290196633e+01	9.1919655682479384e-01	2.6796109175911313e+00	
1.0340826973456455e+01	9.1927520037740496e-01	2.6795671247839681e+00	
1.0339784859766310e+01	9.1941432078981089e-01	2.6794898113767558e+00	
1.0338452495037920e+01	9.1959239801560233e-01	2.6793909118265278e+00	
1.0337043477615691e+01	9.1978096569713830e-01	2.6792861527512284e+00	
1.0335762648871322e+01	9.1995273392438470e-01	2.6791906016318587e+00	
1.0334751059206740e+01	9.2008893976648209e-01	2.6791147119878573e+00	
1.0334059004083318e+01	9.2018293688924135e-01	2.6790623245964973e+00	
1.0333654996110873e+01	9.2023896413817785e-01	2.6790310705823641e+00	
1.0333460467028978e+01	9.2026745753397077e-01	2.6790145183006553e+00	
1.0333389472785143e+01	9.2027968649733338e-01	2.6790047252044054e+00	
1.0333375360116376e+01	9.2028414085622601e-01	2.6789939390568267e+00	
1.0333378305516794e+01	9.2028549763295175e-01	2.6789751263961668e+00	
1.0333379266441870e+01	9.2028544190802120e-01	2.6789422524361202e+00	
1.0333370110120036e+01	9.2028405205709873e-01	2.6788915503070663e+00	
1.0333346651847153e+01	9.2028086519339669e-01	2.6788235280411561e+00	
