3.8571433505297885e+00	3.5496466386433676e+00	2.7466672497792484e+01	
3.8571435498542854e+00	3.5496466492920185e+00	2.7466673400744018e+01	
3.8571440250935534e+00	3.5496463143503290e+00	2.7466676753087885e+01	
3.8571446333507238e+00	3.5496457987050487e+00	2.7466681334149182e+01	
3.8571454303491062e+00	3.5496450598055249e+00	2.7466687537367505e+01	
3.8571464800133435e+00	3.5496440425963769e+00	2.7466695838104147e+01	
3.8571478553278697e+00	3.5496426797667486e+00	2.7466706796137871e+01	
3.8571496382149997e+00	3.5496408927434091e+00	2.7466721051290680e+01	
3.8571519181354823e+00	3.5496385937657919e+00	2.7466739309659562e+01	
3.8571547891257256e+00	3.5496356893738668e+00	2.7466762318004076e+01	
3.8571583450432678e+00	3.5496320855798520e+00	2.7466790824305924e+01	
3.8571626729092565e+00	3.5496276948709142e+00	2.7466825523475023e+01	
3.8571678444211641e+00	3.5496224449964666e+00	2.7466866988679225e+01	
3.8571739059581782e+00	3.5496162892343439e+00	2.7466915590796827e+01	
3.8571808676995922e+00	3.5496092175219776e+00	2.7466971410900662e+01	
3.8571886927914321e+00	3.5496012675140984e+00	2.7467034153224919e+01	
3.8571972877818115e+00	3.5495925343350043e+00	2.7467103068367177e+01	
3.8572064957433172e+00	3.5495831775895925e+00	2.7467176898074591e+01	
3.8572160935500253e+00	3.5495734241451977e+00	2.7467253853366515e+01	
3.8572257946245085e+00	3.5495635653494482e+00	2.7467331636530655e+01	
3.8572352580847586e+00	3.5495539477400371e+00	2.7467407514443778e+01	
3.8572441046049191e+00	3.5495449569277899e+00	2.7467478445730990e+01	
3.8572519385029436e+00	3.5495369951479883e+00	2.7467541257858691e+01	
3.8572583746739735e+00	3.5495304538840200e+00	2.7467592863085756e+01	
3.8572630681292908e+00	3.5495256838406721e+00	2.7467630495310591e+01	
3.8572657432262578e+00	3.5495229652303633e+00	2.7467651944443080e+01	
3.8572662193275895e+00	3.5495224816886632e+00	2.7467655762147366e+01	
3.8572644297154977e+00	3.5495243010469055e+00	2.7467641413500150e+01	
3.8572604311505296e+00	3.5495283656159096e+00	2.7467609353634312e+01	
3.8572544024671638e+00	3.5495344936155497e+00	2.7467561016474900e+01	
3.8572466319143230e+00	3.5495423920464937e+00	2.7467498713228100e+01	
3.8572374943853927e+00	3.5495516798397624e+00	2.7467425449802818e+01	
3.8572274210087878e+00	3.5495619187711398e+00	2.7467344682980269e+01	
3.8572168645628833e+00	3.5495726486184824e+00	2.7467260043106865e+01	
3.8572062646667766e+00	3.5495834225446719e+00	2.7467175054994740e+01	
3.8571960165982744e+00	3.5495938387913757e+00	2.7467092887910201e+01	
3.8571864469275430e+00	3.5496035654432276e+00	2.7467016160213678e+01	
3.8571777980568207e+00	3.5496123561385615e+00	2.7466946815409582e+01	
3.8571702224270790e+00	3.5496200559543065e+00	2.7466886075704672e+01	
3.8571637858273147e+00	3.5496265980394317e+00	2.7466834468548363e+01	
3.8571584781402866e+00	3.5496319926909545e+00	2.7466791912794747e+01	
3.8571542291387044e+00	3.5496363112977827e+00	2.7466757845355620e+01	
3.8571509266800099e+00	3.5496396678475426e+00	2.7466731367082740e+01	
3.8571484348153513e+00	3.5496422005212773e+00	2.7466711387960736e+01	
3.8571466098315788e+00	3.5496440553892592e+00	2.7466696755726655e+01	
3.8571453129405535e+00	3.5496453735145206e+00	2.7466686357608371e+01	
3.8571444190642805e+00	3.5496462820244106e+00	2.7466679190760324e+01	
3.8571438218073375e+00	3.5496468890571560e+00	2.7466674402130312e+01	
3.8571434351745970e+00	3.5496472820163030e+00	2.7466671302231163e+01	
3.8571431928496414e+00	3.5496475283042908e+00	2.7466669359354846e+01	
3.8571430459118381e+00	3.5496476776428456e+00	2.7466668181268414e+01	
3.8571429597839093e+00	3.5496477651754512e+00	2.7466667490740274e+01	
3.8571429110272542e+00	3.5496478147245125e+00	2.7466667099845886e+01	
3.8571428843971391e+00	3.5496478417843953e+00	2.7466666886356997e+01	
3.8571428703787318e+00	3.5496478560257394e+00	2.7466666773986240e+01	
3.8571428632744094e+00	3.5496478632394703e+00	2.7466666717051613e+01	
3.8571428598121993e+00	3.5496478667511409e+00	2.7466666689319357e+01	
3.8571428581913003e+00	3.5496478683910402e+00	2.7466666676351181e+01	
3.8571428574626512e+00	3.5496478691237687e+00	2.7466666670537823e+01	
3.8571428571477906e+00	3.5496478694356193e+00	2.7466666668043160e+01	
3.8571428570162620e+00	3.5496478695608125e+00	2.7466666667019524e+01	
3.8571428569621595e+00	3.5496478696069786e+00	2.7466666666617854e+01	
3.8571428569391220e+00	3.5496478696212250e+00	2.7466666666466502e+01	
3.8571428569278492e+00	3.5496478696231515e+00	2.7466666666410816e+01	
3.8571428569207158e+00	3.5496478696204918e+00	2.7466666666389731e+01	
3.8571428569148640e+00	3.5496478696161322e+00	2.7466666666380412e+01	
3.8571428569092778e+00	3.5496478696110816e+00	2.7466666666374806e+01	
3.8571428569036108e+00	3.5496478696056699e+00	2.7466666666370234e+01	
3.8571428568977457e+00	3.5496478695999905e+00	2.7466666666365857e+01	
3.8571428568916364e+00	3.5496478695940601e+00	2.7466666666361430e+01	
3.8571428568852593e+00	3.5496478695878717e+00	2.7466666666356872e+01	
3.8571428568785957e+00	3.5496478695814133e+00	2.7466666666352172e+01	
3.8571428568716235e+00	3.5496478695746654e+00	2.7466666666347304e+01	
3.8571428568643253e+00	3.5496478695676119e+00	2.7466666666342274e+01	
3.8571428568566755e+00	3.5496478695602280e+00	2.7466666666337055e+01	
3.8571428568486503e+00	3.5496478695524951e+00	2.7466666666331655e+01	
3.8571428568402233e+00	3.5496478695443847e+00	2.7466666666326041e+01	
3.8571428568313646e+00	3.5496478695358724e+00	2.7466666666320219e+01	
3.8571428568220414e+00	3.5496478695269262e+00	2.7466666666314161e+01	
3.8571428568122164e+00	3.5496478695175124e+00	2.7466666666307855e+01	
3.8571428568018504e+00	3.5496478695075950e+00	2.7466666666301283e+01	
