3.8571428767587110e+00	3.5496478250844001e+00	2.7466666886596268e+01	
3.8571428865783211e+00	3.5496478239919504e+00	2.7466666937028215e+01	
3.8571429116624860e+00	3.5496478040071766e+00	2.7466667121921777e+01	
3.8571429485681841e+00	3.5496477699385629e+00	2.7466667408734509e+01	
3.8571430042602572e+00	3.5496477155139039e+00	2.7466667850311406e+01	
3.8571430884408184e+00	3.5496476313636185e+00	2.7466668522654473e+01	
3.8571432146448852e+00	3.5496475040278086e+00	2.7466669533237855e+01	
3.8571434015548212e+00	3.5496473146965366e+00	2.7466671031251003e+01	
3.8571436745351955e+00	3.5496470376970914e+00	2.7466673219722274e+01	
3.8571440673491848e+00	3.5496466387782917e+00	2.7466676369170102e+01	
3.8571446239613092e+00	3.5496460732954880e+00	2.7466680831991319e+01	
3.8571454002588283e+00	3.5496452844711679e+00	2.7466687056224629e+01	
3.8571464654383396e+00	3.5496442019915606e+00	2.7466695596646353e+01	
3.8571479027127475e+00	3.5496427412914260e+00	2.7466707120426737e+01	
3.8571498089101834e+00	3.5496408039635066e+00	2.7466722403907909e+01	
3.8571522924802339e+00	3.5496382797858153e+00	2.7466742316615420e+01	
3.8571554694187133e+00	3.5496350508638859e+00	2.7466767788583137e+01	
3.8571594566971097e+00	3.5496309983088876e+00	2.7466799757672259e+01	
3.8571643629610546e+00	3.5496260116912928e+00	2.7466839094994548e+01	
3.8571702765583802e+00	3.5496200012087655e+00	2.7466886508924699e+01	
3.8571772513685918e+00	3.5496129120889490e+00	2.7466942431484291e+01	
3.8571852914038121e+00	3.5496047402414828e+00	2.7467006894874316e+01	
3.8571943356783640e+00	3.5495955476377907e+00	2.7467079410159673e+01	
3.8572042453128170e+00	3.5495854754207361e+00	2.7467158863866942e+01	
3.8572147951398534e+00	3.5495747524395265e+00	2.7467243450674758e+01	
3.8572256721005873e+00	3.5495636968832858e+00	2.7467330660547695e+01	
3.8572364823677310e+00	3.5495527090444199e+00	2.7467417335840896e+01	
3.8572467683606826e+00	3.5495422540265591e+00	2.7467499807719161e+01	
3.8572560356554368e+00	3.5495328343931503e+00	2.7467574111916100e+01	
3.8572637883563718e+00	3.5495249542125036e+00	2.7467636272345501e+01	
3.8572695699914159e+00	3.5495190774860235e+00	2.7467682629004599e+01	
3.8572730056833762e+00	3.5495155852774536e+00	2.7467710176113581e+01	
3.8572738405205884e+00	3.5495147367049720e+00	2.7467716869782130e+01	
3.8572719689368573e+00	3.5495166390733748e+00	2.7467701863585731e+01	
3.8572674506432700e+00	3.5495212316786766e+00	2.7467665636308805e+01	
3.8572605102064457e+00	3.5495282862390898e+00	2.7467609988557669e+01	
3.8572515195396200e+00	3.5495374246975677e+00	2.7467537902362416e+01	
3.8572409650151256e+00	3.5495481526576422e+00	2.7467453277470668e+01	
3.8572294031829415e+00	3.5495599044001747e+00	2.7467360576286847e+01	
3.8572174107582500e+00	3.5495720937228974e+00	2.7467264422866556e+01	
3.8572055352926080e+00	3.5495841640814780e+00	2.7467169207400431e+01	
3.8571942526221790e+00	3.5495956318384603e+00	2.7467078745044059e+01	
3.8571839358670128e+00	3.5496061177686573e+00	2.7466996027368857e+01	
3.8571748387176812e+00	3.5496153640413550e+00	2.7466923088369633e+01	
3.8571670934088194e+00	3.5496232362748099e+00	2.7466860988228650e+01	
3.8571607216015189e+00	3.5496297124714582e+00	2.7466809900577484e+01	
3.8571556547689516e+00	3.5496348622957967e+00	2.7466769275949886e+01	
3.8571517598414089e+00	3.5496388210082750e+00	2.7466738047399787e+01	
3.8571488658658781e+00	3.5496417623691916e+00	2.7466714844250987e+01	
3.8571467881388100e+00	3.5496438741114340e+00	2.7466698185586090e+01	
3.8571453474210511e+00	3.5496453384118070e+00	2.7466686634304857e+01	
3.8571443831366645e+00	3.5496463184768823e+00	2.7466678902947237e+01	
3.8571437606196017e+00	3.5496469511782998e+00	2.7466673911793869e+01	
3.8571433733183111e+00	3.5496473448124517e+00	2.7466670806541202e+01	
3.8571431413234372e+00	3.5496475805971186e+00	2.7466668946496426e+01	
3.8571430076736934e+00	3.5496477164262092e+00	2.7466667874958635e+01	
3.8571429337141758e+00	3.5496477915874904e+00	2.7466667282002831e+01	
3.8571428944516195e+00	3.5496478314834081e+00	2.7466666967239558e+01	
3.8571428744856062e+00	3.5496478517664984e+00	2.7466666807192318e+01	
3.8571428647747608e+00	3.5496478616261435e+00	2.7466666729369798e+01	
3.8571428602646969e+00	3.5496478661994542e+00	2.7466666693247319e+01	
3.8571428582673937e+00	3.5496478682184405e+00	2.7466666677273125e+01	
3.8571428574245483e+00	3.5496478690636151e+00	2.7466666670556783e+01	
3.8571428570849786e+00	3.5496478693967957e+00	2.7466666667877398e+01	
3.8571428569530379e+00	3.5496478695184388e+00	2.7466666666864661e+01	
3.8571428569018726e+00	3.5496478695574423e+00	2.7466666666501624e+01	
3.8571428568801660e+00	3.5496478695659279e+00	2.7466666666376970e+01	
3.8571428568683945e+00	3.5496478695637030e+00	2.7466666666334316e+01	
3.8571428568595874e+00	3.5496478695578073e+00	2.7466666666317931e+01	
3.8571428568514108e+00	3.5496478695505713e+00	2.7466666666309283e+01	
3.8571428568431254e+00	3.5496478695426958e+00	2.7466666666302636e+01	
3.8571428568344994e+00	3.5496478695343638e+00	2.7466666666296327e+01	
3.8571428568254480e+00	3.5496478695256020e+00	2.7466666666289921e+01	
3.8571428568159258e+00	3.5496478695163907e+00	2.7466666666283295e+01	
3.8571428568058921e+00	3.5496478695067002e+00	2.7466666666276410e+01	
3.8571428567953063e+00	3.5496478694964924e+00	2.7466666666269244e+01	
3.8571428567841219e+00	3.5496478694857259e+00	2.7466666666261776e+01	
3.8571428567722910e+00	3.5496478694743550e+00	2.7466666666253985e+01	
3.8571428567597565e+00	3.5496478694623286e+00	2.7466666666245843e+01	
3.8571428567464570e+00	3.5496478694495881e+00	2.7466666666237323e+01	
3.8571428567323220e+00	3.5496478694360691e+00	2.7466666666228399e+01	
