1.0333333333335716e+01	9.2027907737068282e-01	2.6790123456793373e+00	
1.0333333333334533e+01	9.2027907737084602e-01	2.6790123456788670e+00	
1.0333333333333798e+01	9.2027907737096148e-01	2.6790123456787169e+00	
1.0333333333332973e+01	9.2027907737110426e-01	2.6790123456791162e+00	
1.0333333333333261e+01	9.2027907737111625e-01	2.6790123456795283e+00	
1.0333333333334362e+01	9.2027907737103620e-01	2.6790123456792085e+00	
1.0333333333335371e+01	9.2027907737098191e-01	2.6790123456785273e+00	
1.0333333333335991e+01	9.2027907737098302e-01	2.6790123456786850e+00	
1.0333333333336698e+01	9.2027907737095893e-01	2.6790123456798218e+00	
1.0333333333338045e+01	9.2027907737081349e-01	2.6790123456803876e+00	
1.0333333333340184e+01	9.2027907737049586e-01	2.6790123456793444e+00	
1.0333333333343139e+01	9.2027907736997172e-01	2.6790123456782511e+00	
1.0333333333347348e+01	9.2027907736915338e-01	2.6790123456794404e+00	
1.0333333333353966e+01	9.2027907736786552e-01	2.6790123456822030e+00	
1.0333333333364989e+01	9.2027907736584258e-01	2.6790123456831263e+00	
1.0333333333383484e+01	9.2027907736270642e-01	2.6790123456814858e+00	
1.0333333333414330e+01	9.2027907735788161e-01	2.6790123456819157e+00	
1.0333333333465392e+01	9.2027907735044578e-01	2.6790123456887112e+00	
1.0333333333549177e+01	9.2027907733891134e-01	2.6790123456991379e+00	
1.0333333333685216e+01	9.2027907732090086e-01	2.6790123457075432e+00	
1.0333333333903850e+01	9.2027907729261527e-01	2.6790123457170822e+00	
1.0333333334252520e+01	9.2027907724795299e-01	2.6790123457413850e+00	
1.0333333334806124e+01	9.2027907717705859e-01	2.6790123457905208e+00	
1.0333333335683923e+01	9.2027907706397671e-01	2.6790123458622248e+00	
1.0333333337076635e+01	9.2027907688292987e-01	2.6790123459582036e+00	
1.0333333339289068e+01	9.2027907659250896e-01	2.6790123461089710e+00	
1.0333333342806464e+01	9.2027907612671489e-01	2.6790123463717710e+00	
1.0333333348397359e+01	9.2027907538115539e-01	2.6790123468049183e+00	
1.0333333357275208e+01	9.2027907419146049e-01	2.6790123474702998e+00	
1.0333333371357627e+01	9.2027907229875172e-01	2.6790123484921655e+00	
1.0333333393689880e+01	9.2027906929327619e-01	2.6790123501238150e+00	
1.0333333429140978e+01	9.2027906452172692e-01	2.6790123527657279e+00	
1.0333333485538644e+01	9.2027905693597600e-01	2.6790123569829021e+00	
1.0333333575486581e+01	9.2027904485059853e-01	2.6790123636467045e+00	
1.0333333719214552e+01	9.2027902556215224e-01	2.6790123742402865e+00	
1.0333333948979533e+01	9.2027899476067565e-01	2.6790123912284396e+00	
1.0333334315830191e+01	9.2027894562443358e-01	2.6790124184561543e+00	
1.0333334900076924e+01	9.2027886741793774e-01	2.6790124618066313e+00	
1.0333335827711611e+01	9.2027874329250736e-01	2.6790125304892642e+00	
1.0333337296393276e+01	9.2027854680498078e-01	2.6790126391641200e+00	
1.0333339616395568e+01	9.2027823643205453e-01	2.6790128109916544e+00	
1.0333343273724996e+01	9.2027774711523269e-01	2.6790130820477533e+00	
1.0333349023691120e+01	9.2027697772816075e-01	2.6790135080843762e+00	
1.0333358022502145e+01	9.2027577345336664e-01	2.6790141745323228e+00	
1.0333372001170842e+01	9.2027390249627505e-01	2.6790152097583833e+00	
1.0333393480433642e+01	9.2027102731240595e-01	2.6790168008537063e+00	
1.0333426019651009e+01	9.2026667129217710e-01	2.6790192114879261e+00	
1.0333474490519514e+01	9.2026018213479965e-01	2.6790228020282925e+00	
1.0333545370818079e+01	9.2025069255557201e-01	2.6790280519934662e+00	
1.0333647061375972e+01	9.2023707790531428e-01	2.6790355841300149e+00	
1.0333790226059259e+01	9.2021791073521675e-01	2.6790461889823796e+00	
1.0333988110757815e+01	9.2019141820605965e-01	2.6790608473396311e+00	
1.0334256679126620e+01	9.2015546406654980e-01	2.6790807404075778e+00	
1.0334614197733089e+01	9.2010760437479366e-01	2.6791072206801276e+00	
1.0335079660607260e+01	9.2004529859682549e-01	2.6791416959020200e+00	
1.0335669307736126e+01	9.1996637579269314e-01	2.6791853692832217e+00	
1.0336390693605381e+01	9.1986982851956989e-01	2.6792387980684960e+00	
1.0337234522642692e+01	9.1975690513352559e-01	2.6793012901736835e+00	
1.0338165823202653e+01	9.1963228981245770e-01	2.6793702543067974e+00	
1.0339117629565319e+01	9.1950494603623256e-01	2.6794407330015928e+00	
1.0339991378067685e+01	9.1938806120968120e-01	2.6795054284153021e+00	
1.0340667674035538e+01	9.1929760448680176e-01	2.6795554976134497e+00	
1.0341028282270655e+01	9.1924938526092637e-01	2.6795821853534885e+00	
1.0340985519702089e+01	9.1925512398206821e-01	2.6795790052647419e+00	
1.0340510448474852e+01	9.1931868426550467e-01	2.6795438219477412e+00	
1.0339649012903418e+01	9.1943391557500309e-01	2.6794800326908725e+00	
1.0338517662091611e+01	9.1958523648922519e-01	2.6793962390815413e+00	
1.0337277106942567e+01	9.1975114164595984e-01	2.6793043152708793e+00	
1.0336091965500234e+01	9.1990959981637344e-01	2.6792164293366989e+00	
1.0335090645538228e+01	9.2004342634315406e-01	2.6791420622026871e+00	
1.0334340035587234e+01	9.2014367858761881e-01	2.6790861187397073e+00	
1.0333842796383035e+01	9.2021002682790387e-01	2.6790487425075211e+00	
1.0333554739782944e+01	9.2024843273376511e-01	2.6790266414898158e+00	
1.0333411642352816e+01	9.2026755969560248e-01	2.6790150652716678e+00	
1.0333353096387116e+01	9.2027557448959729e-01	2.6790094414630405e+00	
1.0333335644820721e+01	9.2027837806537838e-01	2.6790060934592095e+00	
1.0333334600555638e+01	9.2027934502657971e-01	2.6790020599083579e+00	
1.0333339024956766e+01	9.2027997237178716e-01	2.6789944481684889e+00	
1.0333345242363235e+01	9.2028071857978799e-01	2.6789799032428863e+00	
1.0333352129080831e+01	9.2028160236312995e-01	2.6789547395351176e+00	
1.0333358783523167e+01	9.2028248508758448e-01	2.6789159734460815e+00	
