3.8571428571428581e+00	3.5496478698597693e+00	2.7466666666666669e+01	
3.8571428571428581e+00	3.5496478698597693e+00	2.7466666666666672e+01	
3.8571428571428585e+00	3.5496478698597693e+00	2.7466666666666672e+01	
3.8571428571428585e+00	3.5496478698597689e+00	2.7466666666666676e+01	
3.8571428571428577e+00	3.5496478698597689e+00	2.7466666666666669e+01	
3.8571428571428577e+00	3.5496478698597698e+00	2.7466666666666672e+01	
3.8571428571428577e+00	3.5496478698597684e+00	2.7466666666666669e+01	
3.8571428571428572e+00	3.5496478698597684e+00	2.7466666666666669e+01	
3.8571428571428568e+00	3.5496478698597684e+00	2.7466666666666665e+01	
3.8571428571428568e+00	3.5496478698597689e+00	2.7466666666666669e+01	
3.8571428571428568e+00	3.5496478698597684e+00	2.7466666666666669e+01	
3.8571428571428568e+00	3.5496478698597684e+00	2.7466666666666672e+01	
3.8571428571428572e+00	3.5496478698597675e+00	2.7466666666666669e+01	
3.8571428571428563e+00	3.5496478698597667e+00	2.7466666666666669e+01	
3.8571428571428559e+00	3.5496478698597658e+00	2.7466666666666669e+01	
3.8571428571428585e+00	3.5496478698597689e+00	2.7466666666666669e+01	
3.8571428571428577e+00	3.5496478698597680e+00	2.7466666666666672e+01	
3.8571428571428528e+00	3.5496478698597635e+00	2.7466666666666665e+01	
3.8571428571428572e+00	3.5496478698597675e+00	2.7466666666666669e+01	
3.8571428571428661e+00	3.5496478698597764e+00	2.7466666666666672e+01	
3.8571428571428528e+00	3.5496478698597649e+00	2.7466666666666669e+01	
3.8571428571428399e+00	3.5496478698597556e+00	2.7466666666666669e+01	
3.8571428571428763e+00	3.5496478698597906e+00	2.7466666666666704e+01	
3.8571428571428923e+00	3.5496478698598084e+00	2.7466666666666725e+01	
3.8571428571428119e+00	3.5496478698597387e+00	2.7466666666666718e+01	
3.8571428571428181e+00	3.5496478698597485e+00	2.7466666666666750e+01	
3.8571428571429993e+00	3.5496478698599199e+00	2.7466666666666853e+01	
3.8571428571429167e+00	3.5496478698598461e+00	2.7466666666666832e+01	
3.8571428571425579e+00	3.5496478698595109e+00	2.7466666666666654e+01	
3.8571428571428861e+00	3.5496478698597982e+00	2.7466666666666701e+01	
3.8571428571435060e+00	3.5496478698603338e+00	2.7466666666666764e+01	
3.8571428571424629e+00	3.5496478698593101e+00	2.7466666666665958e+01	
3.8571428571414446e+00	3.5496478698582719e+00	2.7466666666664942e+01	
3.8571428571439967e+00	3.5496478698604763e+00	2.7466666666665191e+01	
3.8571428571448951e+00	3.5496478698611162e+00	2.7466666666664501e+01	
3.8571428571386095e+00	3.5496478698551241e+00	2.7466666666660654e+01	
3.8571428571389803e+00	3.5496478698552911e+00	2.7466666666659812e+01	
3.8571428571523056e+00	3.5496478698675138e+00	2.7466666666665240e+01	
3.8571428571457380e+00	3.5496478698617313e+00	2.7466666666664011e+01	
3.8571428571197979e+00	3.5496478698386729e+00	2.7466666666657819e+01	
3.8571428571466559e+00	3.5496478698650900e+00	2.7466666666679203e+01	
3.8571428571949320e+00	3.5496478699124889e+00	2.7466666666717238e+01	
3.8571428571205999e+00	3.5496478698486835e+00	2.7466666666713252e+01	
3.8571428570546176e+00	3.5496478697943363e+00	2.7466666666724105e+01	
3.8571428572570681e+00	3.5496478699884126e+00	2.7466666666858973e+01	
3.8571428573297735e+00	3.5496478700630418e+00	2.7466666666943713e+01	
3.8571428568715920e+00	3.5496478696457441e+00	2.7466666666795753e+01	
3.8571428569230735e+00	3.5496478696876435e+00	2.7466666666833468e+01	
3.8571428579134941e+00	3.5496478705721302e+00	2.7466666667207161e+01	
3.8571428573735407e+00	3.5496478700062881e+00	2.7466666666838954e+01	
3.8571428554151193e+00	3.5496478680563843e+00	2.7466666665773378e+01	
3.8571428574177808e+00	3.5496478696020497e+00	2.7466666666400371e+01	
3.8571428609176523e+00	3.5496478722223044e+00	2.7466666668130642e+01	
3.8571428554337110e+00	3.5496478659033888e+00	2.7466666667917103e+01	
3.8571428515637138e+00	3.5496478594547645e+00	2.7466666674117974e+01	
3.8571428697046093e+00	3.5496478691751578e+00	2.7466666705655125e+01	
3.8571428830600643e+00	3.5496478639774258e+00	2.7466666777660024e+01	
3.8571428714463347e+00	3.5496478090048056e+00	2.7466666947714774e+01	
3.8571429343870749e+00	3.5496477560571185e+00	2.7466667417597492e+01	
3.8571431501649052e+00	3.5496476839707247e+00	2.7466668591073624e+01	
3.8571434421421529e+00	3.5496473140087828e+00	2.7466671258657275e+01	
3.8571440529171084e+00	3.5496464283141660e+00	2.7466677259928890e+01	
3.8571458365586344e+00	3.5496449326873782e+00	2.7466690413754080e+01	
3.8571494379914095e+00	3.5496417820882220e+00	2.7466717419193497e+01	
3.8571555177032817e+00	3.5496347765140088e+00	2.7466769555921072e+01	
3.8571670896261350e+00	3.5496223518702523e+00	2.7466865079302828e+01	
3.8571885486533284e+00	3.5496027298359856e+00	2.7467028620629833e+01	
3.8572208152961953e+00	3.5495705000035458e+00	2.7467284998445450e+01	
3.8572638581636483e+00	3.5495216400587477e+00	2.7467649691179972e+01	
3.8573221896441288e+00	3.5494629833633748e+00	2.7468113862188169e+01	
3.8573905628734297e+00	3.5494037124671189e+00	2.7468620058017393e+01	
3.8574413000338468e+00	3.5493451080818068e+00	2.7469051369760159e+01	
3.8574585820708989e+00	3.5493061038643607e+00	2.7469269564559788e+01	
3.8574587220147278e+00	3.5493275827327615e+00	2.7469180138787905e+01	
3.8574248305997441e+00	3.5493957943197803e+00	2.7468769531038799e+01	
3.8573137899388530e+00	3.5494423861425179e+00	2.7468133499258062e+01	
3.8572104626889541e+00	3.5494987287928348e+00	2.7467494216780555e+01	
3.8572369046197106e+00	3.5496378455524207e+00	2.7467062625071144e+01	
3.8572230108124992e+00	3.5496907948401546e+00	2.7466823062448693e+01	
3.8570188867178623e+00	3.5495327530967931e+00	2.7466671033530126e+01	
3.8570756077552910e+00	3.5496002092985819e+00	2.7466726216124876e+01	
