1.0333333355013421e+01	9.2027907255989450e-01	2.6790123593433544e+00	
1.0333333341857463e+01	9.2027907327943403e-01	2.6790123531686150e+00	
1.0333333284413296e+01	9.2027907995418046e-01	2.6790123296581112e+00	
1.0333333283534680e+01	9.2027907931969266e-01	2.6790123256723288e+00	
1.0333333318961754e+01	9.2027907440783963e-01	2.6790123520906532e+00	
1.0333333341230325e+01	9.2027907222228955e-01	2.6790123725684500e+00	
1.0333333336795267e+01	9.2027907497406047e-01	2.6790123507883572e+00	
1.0333333331503825e+01	9.2027907953924615e-01	2.6790123127526821e+00	
1.0333333349784471e+01	9.2027908281273973e-01	2.6790123216938815e+00	
1.0333333388652374e+01	9.2027908505083522e-01	2.6790123797621184e+00	
1.0333333428943517e+01	9.2027908821597793e-01	2.6790124038737257e+00	
1.0333333458118588e+01	9.2027909278327258e-01	2.6790123434603426e+00	
1.0333333475525391e+01	9.2027909694280874e-01	2.6790122806164245e+00	
1.0333333480406413e+01	9.2027909820789044e-01	2.6790123290800731e+00	
1.0333333461979983e+01	9.2027909489788295e-01	2.6790124417418153e+00	
1.0333333402634770e+01	9.2027908607410136e-01	2.6790124371727786e+00	
1.0333333288118759e+01	9.2027907079210136e-01	2.6790122744858964e+00	
1.0333333114141491e+01	9.2027904810219030e-01	2.6790121741510378e+00	
1.0333332887292846e+01	9.2027901804481838e-01	2.6790123160293935e+00	
1.0333332625694242e+01	9.2027898281061993e-01	2.6790125050639553e+00	
1.0333332363246930e+01	9.2027894735228077e-01	2.6790123896710858e+00	
1.0333332155203450e+01	9.2027891945593043e-01	2.6790120380345273e+00	
1.0333332079935266e+01	9.2027890956518088e-01	2.6790119709571982e+00	
1.0333332233848378e+01	9.2027893030480701e-01	2.6790124017932002e+00	
1.0333332719325110e+01	9.2027899525187695e-01	2.6790127593673279e+00	
1.0333333626071095e+01	9.2027911652500027e-01	2.6790124425435198e+00	
1.0333335005256021e+01	9.2027930112046907e-01	2.6790118917099370e+00	
1.0333336836152407e+01	9.2027954627506359e-01	2.6790121749911511e+00	
1.0333338987659191e+01	9.2027983434976890e-01	2.6790133008375285e+00	
1.0333341180899680e+01	9.2028012795353042e-01	2.6790138132856014e+00	
1.0333342962435820e+01	9.2028036640914734e-01	2.6790128380740850e+00	
1.0333343700111541e+01	9.2028046514192163e-01	2.6790117901654051e+00	
1.0333342615285032e+01	9.2028031992891191e-01	2.6790125792300992e+00	
1.0333338865711809e+01	9.2027981798987790e-01	2.6790142859374568e+00	
1.0333331691177385e+01	9.2027885752628835e-01	2.6790137078331422e+00	
1.0333320627603257e+01	9.2027737642072227e-01	2.6790101797800112e+00	
1.0333305783638124e+01	9.2027538925221641e-01	2.6790076031912942e+00	
1.0333288156231580e+01	9.2027302948834633e-01	2.6790091181583913e+00	
1.0333269939167877e+01	9.2027059076247619e-01	2.6790113687857748e+00	
1.0333254753280276e+01	9.2026855773220639e-01	2.6790084787320976e+00	
1.0333247702169183e+01	9.2026761356914821e-01	2.6790020874360043e+00	
1.0333255137601723e+01	9.2026860855699399e-01	2.6790016866543018e+00	
1.0333284013481892e+01	9.2027247372536702e-01	2.6790112160246666e+00	
1.0333340727141605e+01	9.2028006583782584e-01	2.6790209049922358e+00	
1.0333429398145887e+01	9.2029193657637964e-01	2.6790206055973651e+00	
1.0333549623620401e+01	9.2030803137298645e-01	2.6790181883103155e+00	
1.0333693887126454e+01	9.2032734269406768e-01	2.6790317148222020e+00	
1.0333844985899049e+01	9.2034756639659965e-01	2.6790598234988252e+00	
1.0333974048673982e+01	9.2036483623740362e-01	2.6790751646786330e+00	
1.0334039912664121e+01	9.2037364061217508e-01	2.6790604678579313e+00	
1.0333990802628398e+01	9.2036704983471229e-01	2.6790378851124399e+00	
1.0333769337319541e+01	9.2033738640725904e-01	2.6790371676787519e+00	
1.0333321730229068e+01	9.2027745014039908e-01	2.6790385254822739e+00	
1.0332611614417157e+01	9.2018236729824177e-01	2.6789842799806269e+00	
1.0331638286608259e+01	9.2005204106549354e-01	2.6788644890807238e+00	
1.0330458149978426e+01	9.1989400723408221e-01	2.6787520855125311e+00	
1.0329206422215613e+01	9.1972629072239587e-01	2.6787095438622726e+00	
1.0328114192247439e+01	9.1957967815146602e-01	2.6786908756805570e+00	
1.0327514450780139e+01	9.1949859644782928e-01	2.6786141088516566e+00	
1.0327829417971881e+01	9.1953949286913850e-01	2.6785351752465751e+00	
1.0329530262284509e+01	9.1976554624447204e-01	2.6786463618637866e+00	
1.0333062114009765e+01	9.2023685778975772e-01	2.6790359924216256e+00	
1.0338733665968396e+01	9.2099555294312629e-01	2.6795458201543991e+00	
1.0346576235135368e+01	9.2204561770735194e-01	2.6800001282203705e+00	
1.0356179876070501e+01	9.2332903364514773e-01	2.6805108056379146e+00	
1.0366524045894089e+01	9.2470241857755231e-01	2.6813256644232002e+00	
1.0375836916375844e+01	9.2591917504145060e-01	2.6823123639231192e+00	
1.0381519307008265e+01	9.2662194385688390e-01	2.6828421609273674e+00	
1.0380166995886986e+01	9.2635315576740307e-01	2.6824046230914114e+00	
1.0367771747636045e+01	9.2459331322084881e-01	2.6811300273449743e+00	
1.0340246355273921e+01	9.2082934524475990e-01	2.6792761085630046e+00	
1.0294380207083508e+01	9.1465251719631402e-01	2.6762596301844064e+00	
1.0229251987037264e+01	9.0590387877577006e-01	2.6709660975755436e+00	
1.0148162353203737e+01	8.9489126998703383e-01	2.6635919481838419e+00	
1.0060879952467593e+01	8.8265663284470852e-01	2.6565052582564439e+00	
9.9850052950057329e+00	8.7123401482498497e-01	2.6522072472265807e+00	
9.9447579171658607e+00	8.6384046241863777e-01	2.6510540689284685e+00	
9.9665891841635492e+00	8.6481445049476280e-01	2.6524411076010490e+00	
1.0072953072805230e+01	8.7886658879237578e-01	2.6573163333994727e+00	
1.0279294228081207e+01	9.0930853581411042e-01	2.6678277206224581e+00	
1.0603227638170329e+01	9.5602461863678900e-01	2.6893148348632883e+00	
