3.8571428571428554e+00	3.5496478698597693e+00	2.7466666666666658e+01	
3.8571428571428581e+00	3.5496478698597693e+00	2.7466666666666669e+01	
3.8571428571428577e+00	3.5496478698597689e+00	2.7466666666666669e+01	
3.8571428571428577e+00	3.5496478698597693e+00	2.7466666666666672e+01	
3.8571428571428577e+00	3.5496478698597689e+00	2.7466666666666672e+01	
3.8571428571428577e+00	3.5496478698597693e+00	2.7466666666666672e+01	
3.8571428571428577e+00	3.5496478698597698e+00	2.7466666666666669e+01	
3.8571428571428577e+00	3.5496478698597693e+00	2.7466666666666669e+01	
3.8571428571428577e+00	3.5496478698597698e+00	2.7466666666666669e+01	
3.8571428571428577e+00	3.5496478698597693e+00	2.7466666666666672e+01	
3.8571428571428577e+00	3.5496478698597689e+00	2.7466666666666669e+01	
3.8571428571428577e+00	3.5496478698597693e+00	2.7466666666666672e+01	
3.8571428571428581e+00	3.5496478698597684e+00	2.7466666666666669e+01	
3.8571428571428590e+00	3.5496478698597684e+00	2.7466666666666676e+01	
3.8571428571428608e+00	3.5496478698597658e+00	2.7466666666666693e+01	
3.8571428571428643e+00	3.5496478698597622e+00	2.7466666666666722e+01	
3.8571428571428736e+00	3.5496478698597533e+00	2.7466666666666796e+01	
3.8571428571428945e+00	3.5496478698597320e+00	2.7466666666666963e+01	
3.8571428571429460e+00	3.5496478698596805e+00	2.7466666666667368e+01	
3.8571428571430659e+00	3.5496478698595575e+00	2.7466666666668335e+01	
3.8571428571433537e+00	3.5496478698592662e+00	2.7466666666670644e+01	
3.8571428571440354e+00	3.5496478698585734e+00	2.7466666666676105e+01	
3.8571428571456350e+00	3.5496478698569476e+00	2.7466666666688930e+01	
3.8571428571493591e+00	3.5496478698531617e+00	2.7466666666718790e+01	
3.8571428571579367e+00	3.5496478698444429e+00	2.7466666666787567e+01	
3.8571428571774478e+00	3.5496478698246117e+00	2.7466666666944008e+01	
3.8571428572212283e+00	3.5496478697801157e+00	2.7466666667295023e+01	
3.8571428573180211e+00	3.5496478696817380e+00	2.7466666668071081e+01	
3.8571428575286615e+00	3.5496478694676497e+00	2.7466666669759938e+01	
3.8571428579794445e+00	3.5496478690094868e+00	2.7466666673374199e+01	
3.8571428589273147e+00	3.5496478680460966e+00	2.7466666680973979e+01	
3.8571428608840610e+00	3.5496478660573141e+00	2.7466666696662667e+01	
3.8571428648467276e+00	3.5496478620297705e+00	2.7466666728434305e+01	
3.8571428727132000e+00	3.5496478540345087e+00	2.7466666791505641e+01	
3.8571428880095411e+00	3.5496478384877355e+00	2.7466666914147737e+01	
3.8571429171223373e+00	3.5496478088983050e+00	2.7466667147566582e+01	
3.8571429713144996e+00	3.5496477538189057e+00	2.7466667582065291e+01	
3.8571430698974534e+00	3.5496476536219430e+00	2.7466668372477866e+01	
3.8571432450115779e+00	3.5496474756408154e+00	2.7466669776497586e+01	
3.8571435484815173e+00	3.5496471672023553e+00	2.7466672209641125e+01	
3.8571440610844832e+00	3.5496466462067189e+00	2.7466676319559582e+01	
3.8571449041898505e+00	3.5496457892970783e+00	2.7466683079362092e+01	
3.8571462529773508e+00	3.5496444184246791e+00	2.7466693893596705e+01	
3.8571483492314385e+00	3.5496422878442822e+00	2.7466710700834028e+01	
3.8571515100612723e+00	3.5496390752500080e+00	2.7466736043585147e+01	
3.8571561270385084e+00	3.5496343826492129e+00	2.7466773061394470e+01	
3.8571626487131581e+00	3.5496277541291152e+00	2.7466825350665257e+01	
3.8571715391333958e+00	3.5496187180112879e+00	2.7466896632093277e+01	
3.8571832069558911e+00	3.5496068588975227e+00	2.7466990182301789e+01	
3.8571979049804290e+00	3.5495919197792491e+00	2.7467108028337186e+01	
3.8572156088010141e+00	3.5495739253809182e+00	2.7467249974705954e+01	
3.8572358947245902e+00	3.5495533062611804e+00	2.7467412624508547e+01	
3.8572578483357129e+00	3.5495309917806619e+00	2.7467588646252317e+01	
3.8572800415441391e+00	3.5495084334720035e+00	2.7467766589729809e+01	
3.8573006124933271e+00	3.5494875238526293e+00	2.7467931526639521e+01	
3.8573174656841074e+00	3.5494703930176268e+00	2.7468066655145982e+01	
3.8573285795155980e+00	3.5494590960041039e+00	2.7468155765803242e+01	
3.8573323715360952e+00	3.5494552414566067e+00	2.7468186170279861e+01	
3.8573280400007475e+00	3.5494596443685689e+00	2.7468151440125251e+01	
3.8573157879915354e+00	3.5494720982335362e+00	2.7468053203835400e+01	
3.8572968536977656e+00	3.5494913442960572e+00	2.7467901389567217e+01	
3.8572733178063059e+00	3.5495152674209307e+00	2.7467712680600943e+01	
3.8572477236492091e+00	3.5495412822976995e+00	2.7467507469481735e+01	
3.8572226051096061e+00	3.5495668133594531e+00	2.7467306072677054e+01	
3.8572000474621402e+00	3.5495897411522708e+00	2.7467125209466239e+01	
3.8571813935810169e+00	3.5496087008909365e+00	2.7466975646499311e+01	
3.8571671563245169e+00	3.5496231714397943e+00	2.7466861495472966e+01	
3.8571571284663939e+00	3.5496333635282147e+00	2.7466781094649004e+01	
3.8571506226856682e+00	3.5496399758049013e+00	2.7466728933095201e+01	
3.8571467477854702e+00	3.5496439140944260e+00	2.7466697865347452e+01	
3.8571446388364721e+00	3.5496460575042326e+00	2.7466680956587442e+01	
3.8571435963368161e+00	3.5496471170015127e+00	2.7466672598349973e+01	
3.8571431318729870e+00	3.5496475889948611e+00	2.7466668874670066e+01	
3.8571429471487617e+00	3.5496477766505752e+00	2.7466667393940060e+01	
3.8571428823532599e+00	3.5496478424100379e+00	2.7466666874782408e+01	
3.8571428626196580e+00	3.5496478623985577e+00	2.7466666716805328e+01	
3.8571428574949764e+00	3.5496478675449987e+00	2.7466666675932782e+01	
3.8571428563701260e+00	3.5496478686133264e+00	2.7466666667176192e+01	
3.8571428562134864e+00	3.5496478688216850e+00	2.7466666665690013e+01	
3.8571428563641006e+00	3.5496478690002680e+00	2.7466666665551141e+01	
3.8571428567246984e+00	3.5496478693299296e+00	2.7466666665655485e+01	
