1.0333333333336356e+01	9.2027907737068981e-01	2.6790123456786548e+00	
1.0333333333334954e+01	9.2027907737096137e-01	2.6790123456781751e+00	
1.0333333333337563e+01	9.2027907737071812e-01	2.6790123456795696e+00	
1.0333333333335887e+01	9.2027907737106085e-01	2.6790123456806345e+00	
1.0333333333333695e+01	9.2027907737146508e-01	2.6790123456795243e+00	
1.0333333333333941e+01	9.2027907737150771e-01	2.6790123456773967e+00	
1.0333333333335741e+01	9.2027907737127013e-01	2.6790123456775912e+00	
1.0333333333336531e+01	9.2027907737105097e-01	2.6790123456805830e+00	
1.0333333333335316e+01	9.2027907737094028e-01	2.6790123456820791e+00	
1.0333333333333103e+01	9.2027907737076797e-01	2.6790123456788524e+00	
1.0333333333331140e+01	9.2027907737035231e-01	2.6790123456748218e+00	
1.0333333333329671e+01	9.2027907736968584e-01	2.6790123456766439e+00	
1.0333333333328477e+01	9.2027907736887582e-01	2.6790123456829043e+00	
1.0333333333328104e+01	9.2027907736799697e-01	2.6790123456838764e+00	
1.0333333333330346e+01	9.2027907736703651e-01	2.6790123456760311e+00	
1.0333333333337848e+01	9.2027907736594305e-01	2.6790123456706794e+00	
1.0333333333353764e+01	9.2027907736465175e-01	2.6790123456793271e+00	
1.0333333333382052e+01	9.2027907736299941e-01	2.6790123456936525e+00	
1.0333333333428222e+01	9.2027907736055037e-01	2.6790123456939332e+00	
1.0333333333500109e+01	9.2027907735638725e-01	2.6790123456809440e+00	
1.0333333333608774e+01	9.2027907734886283e-01	2.6790123456828225e+00	
1.0333333333770092e+01	9.2027907733524683e-01	2.6790123457160138e+00	
1.0333333334007925e+01	9.2027907731117276e-01	2.6790123457540500e+00	
1.0333333334359979e+01	9.2027907726977320e-01	2.6790123457630295e+00	
1.0333333334888081e+01	9.2027907720031821e-01	2.6790123457648298e+00	
1.0333333335695659e+01	9.2027907708603529e-01	2.6790123458265400e+00	
1.0333333336956528e+01	9.2027907690061073e-01	2.6790123459714454e+00	
1.0333333338960360e+01	9.2027907660270081e-01	2.6790123461466120e+00	
1.0333333342181714e+01	9.2027907612752724e-01	2.6790123463308158e+00	
1.0333333347383112e+01	9.2027907537413678e-01	2.6790123466490314e+00	
1.0333333355770460e+01	9.2027907418574817e-01	2.6790123473057146e+00	
1.0333333369236398e+01	9.2027907231825634e-01	2.6790123484139619e+00	
1.0333333390757707e+01	9.2027906938773474e-01	2.6790123500232652e+00	
1.0333333425060665e+01	9.2027906478133770e-01	2.6790123524231011e+00	
1.0333333479731523e+01	9.2027905750744221e-01	2.6790123563720596e+00	
1.0333333567024317e+01	9.2027904595083254e-01	2.6790123629715819e+00	
1.0333333706705766e+01	9.2027902748712109e-01	2.6790123735302678e+00	
1.0333333930401126e+01	9.2027899789417678e-01	2.6790123900404237e+00	
1.0333334288143680e+01	9.2027895046677244e-01	2.6790124162193050e+00	
1.0333334858338336e+01	9.2027887467320468e-01	2.6790124583543489e+00	
1.0333335763351929e+01	9.2027875405920223e-01	2.6790125257673725e+00	
1.0333337194650412e+01	9.2027856287659759e-01	2.6790126321390297e+00	
1.0333339453822436e+01	9.2027826059112627e-01	2.6790127991753754e+00	
1.0333343018479308e+01	9.2027778306940711e-01	2.6790130625728730e+00	
1.0333348643708367e+01	9.2027702901938901e-01	2.6790134793011253e+00	
1.0333357508681361e+01	9.2027584040187838e-01	2.6790141368660718e+00	
1.0333371412575582e+01	9.2027397625788643e-01	2.6790151672282141e+00	
1.0333393014344241e+01	9.2027108068174079e-01	2.6790167663821531e+00	
1.0333426100886205e+01	9.2026664700278360e-01	2.6790192160565862e+00	
1.0333475865652796e+01	9.2025998056985492e-01	2.6790229029341002e+00	
1.0333549193100456e+01	9.2025016073748578e-01	2.6790283364294400e+00	
1.0333654973642036e+01	9.2023599873333939e-01	2.6790361720553788e+00	
1.0333804497811075e+01	9.2021598486350087e-01	2.6790472450782388e+00	
1.0334011947156492e+01	9.2018822269178591e-01	2.6790626093450736e+00	
1.0334294844867676e+01	9.2015036852429355e-01	2.6790835659946071e+00	
1.0334674008784193e+01	9.2009963742846557e-01	2.6791116538984752e+00	
1.0335172120312649e+01	9.2003299446695674e-01	2.6791485463413176e+00	
1.0335809711807192e+01	9.1994769142114696e-01	2.6791957632863017e+00	
1.0336597575927865e+01	9.1984228227881315e-01	2.6792541106330598e+00	
1.0337525719743585e+01	9.1971810079783189e-01	2.6793228500320572e+00	
1.0338551119328425e+01	9.1958089794013520e-01	2.6793987835500186e+00	
1.0339589091754180e+01	9.1944199462036424e-01	2.6794756275261911e+00	
1.0340514696886631e+01	9.1931809279388788e-01	2.6795441370238975e+00	
1.0341179455999830e+01	9.1922903977569670e-01	2.6795933397602214e+00	
1.0341443806748126e+01	9.1919349193151345e-01	2.6796129082124303e+00	
1.0341218075793666e+01	9.1922344320595117e-01	2.6795961763170824e+00	
1.0340497732613729e+01	9.1931951879687734e-01	2.6795427730081474e+00	
1.0339376840478621e+01	9.1946917997224542e-01	2.6794596442347096e+00	
1.0338029889905396e+01	9.1964915115199553e-01	2.6793596857292585e+00	
1.0336665239941388e+01	9.1983164187136068e-01	2.6792582537770109e+00	
1.0335467097842015e+01	9.1999210387248298e-01	2.6791688956513604e+00	
1.0334549378570385e+01	9.2011539988138202e-01	2.6791000313881579e+00	
1.0333939212933434e+01	9.2019799936078162e-01	2.6790537567371318e+00	
1.0333592842765155e+01	9.2024582744222794e-01	2.6790268260544994e+00	
1.0333431086396139e+01	9.2026948097316152e-01	2.6790129046065747e+00	
1.0333374842028981e+01	9.2027943093977826e-01	2.6790048074650596e+00	
1.0333366166611130e+01	9.2028315544236750e-01	2.6789957584829889e+00	
1.0333372026345222e+01	9.2028460218235686e-01	2.6789795753384040e+00	
1.0333377219626596e+01	9.2028512298140330e-01	2.6789506821951368e+00	
1.0333375224357130e+01	9.2028472423912044e-01	2.6789051003323840e+00	
1.0333362217418939e+01	9.2028294759356655e-01	2.6788423590789132e+00	
