3.8571435424225116e+00	3.5496461404491306e+00	2.7466674821022952e+01	
3.8571438114357108e+00	3.5496461603214877e+00	2.7466676019139648e+01	
3.8571444479770562e+00	3.5496457198765663e+00	2.7466680480505332e+01	
3.8571452495080703e+00	3.5496450501260952e+00	2.7466686485121421e+01	
3.8571462818541171e+00	3.5496441025627883e+00	2.7466694490958947e+01	
3.8571476184560609e+00	3.5496428157426720e+00	2.7466705037218997e+01	
3.8571493405860817e+00	3.5496411163724937e+00	2.7466718740949219e+01	
3.8571515363450164e+00	3.5496389213756410e+00	2.7466736284910748e+01	
3.8571542981592022e+00	3.5496361412459461e+00	2.7466758394344676e+01	
3.8571577185506958e+00	3.5496326849540809e+00	2.7466785800688395e+01	
3.8571618840626738e+00	3.5496284665650144e+00	2.7466819191143564e+01	
3.8571668673903670e+00	3.5496234135518119e+00	2.7466859144356469e+01	
3.8571727179965629e+00	3.5496174765540549e+00	2.7466906054323097e+01	
3.8571794517666618e+00	3.5496106400428875e+00	2.7466960046866411e+01	
3.8571870405544217e+00	3.5496029330480772e+00	2.7467020895429989e+01	
3.8571954027443396e+00	3.5495944388180325e+00	2.7467087945155598e+01	
3.8572043961576492e+00	3.5495853020751444e+00	2.7467160055840488e+01	
3.8572138146992625e+00	3.5495757324538642e+00	2.7467235574947761e+01	
3.8572233900316220e+00	3.5495660028195051e+00	2.7467312350960015e+01	
3.8572327992349296e+00	3.5495564414956919e+00	2.7467387794756082e+01	
3.8572416788681614e+00	3.5495474179810058e+00	2.7467458992325660e+01	
3.8572496451171050e+00	3.5495393224747591e+00	2.7467522866301294e+01	
3.8572563188818956e+00	3.5495325403789142e+00	2.7467576377103914e+01	
3.8572613538314915e+00	3.5495274237818091e+00	2.7467616747883756e+01	
3.8572644647727135e+00	3.5495242626205075e+00	2.7467641691987506e+01	
3.8572654532828188e+00	3.5495232586240824e+00	2.7467649618486089e+01	
3.8572642275451465e+00	3.5495245051497748e+00	2.7467639791221604e+01	
3.8572608137610631e+00	3.5495279755829685e+00	2.7467612420310076e+01	
3.8572553573690205e+00	3.5495335220998054e+00	2.7467568671913469e+01	
3.8572481134846597e+00	3.5495408853879566e+00	2.7467510591582457e+01	
3.8572394273177859e+00	3.5495497145566191e+00	2.7467440947231641e+01	
3.8572297066136727e+00	3.5495595951533980e+00	2.7467363008166373e+01	
3.8572193891949702e+00	3.5495700821600726e+00	2.7467280284829013e+01	
3.8572089092718143e+00	3.5495807342384573e+00	2.7467196258673159e+01	
3.8571986662417475e+00	3.5495911454432698e+00	2.7467114132005879e+01	
3.8571889992140891e+00	3.5496009711144767e+00	2.7467036623732344e+01	
3.8571801695598191e+00	3.5496099456110004e+00	2.7466965829450814e+01	
3.8571723525804518e+00	3.5496178907752594e+00	2.7466903154663136e+01	
3.8571656381221500e+00	3.5496247153059932e+00	2.7466849319705876e+01	
3.8571600388460907e+00	3.5496304063500723e+00	2.7466804426065842e+01	
3.8571555040697665e+00	3.5496350154330285e+00	2.7466768067359908e+01	
3.8571519367088234e+00	3.5496386412391709e+00	2.7466739465172076e+01	
3.8571492108821577e+00	3.5496414117182358e+00	2.7466717610206832e+01	
3.8571471881243635e+00	3.5496434676079094e+00	2.7466701392275613e+01	
3.8571457307567387e+00	3.5496449488444575e+00	2.7466689707500986e+01	
3.8571447116586963e+00	3.5496459846318840e+00	2.7466681536660147e+01	
3.8571440203251122e+00	3.5496466872858550e+00	2.7466675993750272e+01	
3.8571435655973927e+00	3.5496471494582478e+00	2.7466672347884849e+01	
3.8571432757694133e+00	3.5496474440296808e+00	2.7466670024142637e+01	
3.8571430968926239e+00	3.5496476258322889e+00	2.7466668589978227e+01	
3.8571429900710097e+00	3.5496477343991275e+00	2.7466667733533587e+01	
3.8571429283988294e+00	3.5496477970766027e+00	2.7466667239085616e+01	
3.8571428940078198e+00	3.5496478320256397e+00	2.7466666963371352e+01	
3.8571428755026012e+00	3.5496478508282707e+00	2.7466666815025714e+01	
3.8571428659046787e+00	3.5496478605773110e+00	2.7466666738097054e+01	
3.8571428611115599e+00	3.5496478654424664e+00	2.7466666699692741e+01	
3.8571428588092660e+00	3.5496478677756347e+00	2.7466666681259980e+01	
3.8571428577464353e+00	3.5496478688486857e+00	2.7466666672765761e+01	
3.8571428572748441e+00	3.5496478693204736e+00	2.7466666669012852e+01	
3.8571428570731849e+00	3.5496478695175697e+00	2.7466666667425180e+01	
3.8571428569892583e+00	3.5496478695946698e+00	2.7466666666782512e+01	
3.8571428569542618e+00	3.5496478696216980e+00	2.7466666666533275e+01	
3.8571428569385620e+00	3.5496478696287661e+00	2.7466666666439949e+01	
3.8571428569300172e+00	3.5496478696282012e+00	2.7466666666405263e+01	
3.8571428569239039e+00	3.5496478696247911e+00	2.7466666666391433e+01	
3.8571428569184789e+00	3.5496478696202924e+00	2.7466666666384544e+01	
3.8571428569131285e+00	3.5496478696153102e+00	2.7466666666379773e+01	
3.8571428569076436e+00	3.5496478696100340e+00	2.7466666666375545e+01	
3.8571428569019517e+00	3.5496478696045148e+00	2.7466666666371367e+01	
3.8571428568960204e+00	3.5496478695987568e+00	2.7466666666367097e+01	
3.8571428568898312e+00	3.5496478695927536e+00	2.7466666666362695e+01	
3.8571428568833661e+00	3.5496478695864901e+00	2.7466666666358147e+01	
3.8571428568766066e+00	3.5496478695799487e+00	2.7466666666353440e+01	
3.8571428568695332e+00	3.5496478695731142e+00	2.7466666666348569e+01	
3.8571428568621244e+00	3.5496478695659652e+00	2.7466666666343524e+01	
3.8571428568543569e+00	3.5496478695584801e+00	2.7466666666338298e+01	
3.8571428568462052e+00	3.5496478695506357e+00	2.7466666666332873e+01	
3.8571428568376418e+00	3.5496478695424076e+00	2.7466666666327246e+01	
3.8571428568286357e+00	3.5496478695337652e+00	2.7466666666321391e+01	
3.8571428568191530e+00	3.5496478695246796e+00	2.7466666666315309e+01	
3.8571428568091553e+00	3.5496478695151139e+00	2.7466666666308967e+01	
