3.8571474291668886e+00	3.5496353782595658e+00	2.7466723806235400e+01	
3.8571488662224120e+00	3.5496356889097682e+00	2.7466729433854667e+01	
3.8571521094555110e+00	3.5496337661274766e+00	2.7466751013486313e+01	
3.8571557801616994e+00	3.5496310902333925e+00	2.7466777186306768e+01	
3.8571599842214144e+00	3.5496276215988543e+00	2.7466808539829970e+01	
3.8571648103441496e+00	3.5496233267624580e+00	2.7466845568074316e+01	
3.8571703230397048e+00	3.5496181861824927e+00	2.7466888612789646e+01	
3.8571765551958261e+00	3.5496122029005335e+00	2.7466937799527759e+01	
3.8571835007219457e+00	3.5496054113849480e+00	2.7466992973279265e+01	
3.8571911079415568e+00	3.5495978856667270e+00	2.7467053639908379e+01	
3.8571992745879458e+00	3.5495897457704335e+00	2.7467118920742958e+01	
3.8572078453416552e+00	3.5495811614117772e+00	2.7467187528135643e+01	
3.8572166128107095e+00	3.5495723520125568e+00	2.7467257769351423e+01	
3.8572253226743096e+00	3.5495635822954106e+00	2.7467327584578804e+01	
3.8572336833834711e+00	3.5495551530713305e+00	2.7467394622168054e+01	
3.8572413803560814e+00	3.5495473873059007e+00	2.7467456350506531e+01	
3.8572480940620961e+00	3.5495406121043978e+00	2.7467510201583394e+01	
3.8572535208327237e+00	3.5495351378269051e+00	2.7467553736792134e+01	
3.8572573947266324e+00	3.5495312360511626e+00	2.7467584821513707e+01	
3.8572595084320747e+00	3.5495291184575537e+00	2.7467601792197023e+01	
3.8572597310511822e+00	3.5495289188417161e+00	2.7467603598605177e+01	
3.8572580207510594e+00	3.5495306803160869e+00	2.7467589905018784e+01	
3.8572544306864418e+00	3.5495343493314242e+00	2.7467561137569344e+01	
3.8572491072662229e+00	3.5495397774679520e+00	2.7467518470238055e+01	
3.8572422806723461e+00	3.5495467310935660e+00	2.7467463748768605e+01	
3.8572342484312010e+00	3.5495549080783886e+00	2.7467399358898110e+01	
3.8572253536550254e+00	3.5495639599229514e+00	2.7467328051868314e+01	
3.8572159601896714e+00	3.5495735170275191e+00	2.7467252745144087e+01	
3.8572064272299129e+00	3.5495832144996724e+00	2.7467176318871818e+01	
3.8571970859453049e+00	3.5495927159157290e+00	2.7467101428465483e+01	
3.8571882203061514e+00	3.5496017328110727e+00	2.7467030350873781e+01	
3.8571800536730811e+00	3.5496100383108504e+00	2.7466964877062452e+01	
3.8571727419211230e+00	3.5496174741182820e+00	2.7466906256890546e+01	
3.8571663730382237e+00	3.5496239509222214e+00	2.7466855195897661e+01	
3.8571609723956608e+00	3.5496294430401498e+00	2.7466811897566259e+01	
3.8571565123355587e+00	3.5496339786738300e+00	2.7466776140196107e+01	
3.8571529244194367e+00	3.5496376274608505e+00	2.7466747375112696e+01	
3.8571501126437324e+00	3.5496404870437579e+00	2.7466724832627474e+01	
3.8571479661206629e+00	3.5496426701828518e+00	2.7466707623710306e+01	
3.8571463700794433e+00	3.5496442935761978e+00	2.7466694828194569e+01	
3.8571452144811897e+00	3.5496454691049619e+00	2.7466685563849218e+01	
3.8571443999794277e+00	3.5496462977764796e+00	2.7466679034168536e+01	
3.8571438413315970e+00	3.5496468662578913e+00	2.7466674555724811e+01	
3.8571434686346024e+00	3.5496472456211992e+00	2.7466671568074808e+01	
3.8571432269053778e+00	3.5496474917702643e+00	2.7466669630397163e+01	
3.8571430745650912e+00	3.5496476469820060e+00	2.7466668409339373e+01	
3.8571429813381095e+00	3.5496477420423176e+00	2.7466667662172640e+01	
3.8571429259765351e+00	3.5496477985591990e+00	2.7466667218548086e+01	
3.8571428940993746e+00	3.5496478311593163e+00	2.7466666963172052e+01	
3.8571428763174653e+00	3.5496478493940851e+00	2.7466666820772559e+01	
3.8571428667173873e+00	3.5496478592808325e+00	2.7466666743943872e+01	
3.8571428617070649e+00	3.5496478644763241e+00	2.7466666703891121e+01	
3.8571428591827699e+00	3.5496478671235900e+00	2.7466666683751654e+01	
3.8571428579572520e+00	3.5496478684333237e+00	2.7466666674010135e+01	
3.8571428573852984e+00	3.5496478690645921e+00	2.7466666669496469e+01	
3.8571428571295545e+00	3.5496478693629663e+00	2.7466666667508346e+01	
3.8571428570205049e+00	3.5496478695029334e+00	2.7466666666688706e+01	
3.8571428569764112e+00	3.5496478695693616e+00	2.7466666666383876e+01	
3.8571428569595283e+00	3.5496478696020599e+00	2.7466666666292610e+01	
3.8571428569532200e+00	3.5496478696191112e+00	2.7466666666282656e+01	
3.8571428569505257e+00	3.5496478696285330e+00	2.7466666666299115e+01	
3.8571428569487130e+00	3.5496478696338598e+00	2.7466666666320826e+01	
3.8571428569468016e+00	3.5496478696366931e+00	2.7466666666340544e+01	
3.8571428569444928e+00	3.5496478696378122e+00	2.7466666666356392e+01	
3.8571428569417359e+00	3.5496478696376537e+00	2.7466666666368369e+01	
3.8571428569385553e+00	3.5496478696364875e+00	2.7466666666377009e+01	
3.8571428569349919e+00	3.5496478696345060e+00	2.7466666666382942e+01	
3.8571428569310826e+00	3.5496478696318507e+00	2.7466666666386704e+01	
3.8571428569268580e+00	3.5496478696286289e+00	2.7466666666388750e+01	
3.8571428569223380e+00	3.5496478696249198e+00	2.7466666666389433e+01	
3.8571428569175374e+00	3.5496478696207863e+00	2.7466666666389031e+01	
3.8571428569124633e+00	3.5496478696162703e+00	2.7466666666387766e+01	
3.8571428569071178e+00	3.5496478696114036e+00	2.7466666666385809e+01	
3.8571428569014996e+00	3.5496478696062077e+00	2.7466666666383283e+01	
3.8571428568956030e+00	3.5496478696006948e+00	2.7466666666380288e+01	
3.8571428568894195e+00	3.5496478695948697e+00	2.7466666666376895e+01	
3.8571428568829371e+00	3.5496478695887328e+00	2.7466666666373161e+01	
3.8571428568761412e+00	3.5496478695822775e+00	2.7466666666369125e+01	
3.8571428568690140e+00	3.5496478695754945e+00	2.7466666666364819e+01	
3.8571428568615365e+00	3.5496478695683695e+00	2.7466666666360254e+01	
3.8571428568536863e+00	3.5496478695608875e+00	2.7466666666355444e+01	
