3.8571428574508166e+00	3.5496478692121820e+00	2.7466666669962869e+01	
3.8571428576371094e+00	3.5496478691628299e+00	2.7466666671022228e+01	
3.8571428581520193e+00	3.5496478687171189e+00	2.7466666674934647e+01	
3.8571428590268249e+00	3.5496478678719297e+00	2.7466666681844295e+01	
3.8571428605443168e+00	3.5496478663552096e+00	2.7466666693962793e+01	
3.8571428631687921e+00	3.5496478637032722e+00	2.7466666714984147e+01	
3.8571428676603423e+00	3.5496478591479734e+00	2.7466666750988146e+01	
3.8571428752482859e+00	3.5496478514422369e+00	2.7466666811824052e+01	
3.8571428878904324e+00	3.5496478385975028e+00	2.7466666913185680e+01	
3.8571429086527926e+00	3.5496478174983017e+00	2.7466667079653927e+01	
3.8571429422527497e+00	3.5496477833504523e+00	2.7466667349050866e+01	
3.8571429958161105e+00	3.5496477289117516e+00	2.7466667778509105e+01	
3.8571430799024182e+00	3.5496476434499482e+00	2.7466668452692240e+01	
3.8571432098498102e+00	3.5496475113758974e+00	2.7466669494577495e+01	
3.8571434074757232e+00	3.5496473105150330e+00	2.7466671079091494e+01	
3.8571437031370901e+00	3.5496470100134321e+00	2.7466673449628388e+01	
3.8571441380973095e+00	3.5496465679320854e+00	2.7466676937027657e+01	
3.8571447670623713e+00	3.5496459286691993e+00	2.7466681979908206e+01	
3.8571456606334840e+00	3.5496450204673344e+00	2.7466689144333142e+01	
3.8571469072827607e+00	3.5496437534052276e+00	2.7466699139650597e+01	
3.8571486143052751e+00	3.5496420184299220e+00	2.7466712826127672e+01	
3.8571509070598116e+00	3.5496396881280852e+00	2.7466731208863770e+01	
3.8571539257188823e+00	3.5496366200287084e+00	2.7466755411734258e+01	
3.8571578187533060e+00	3.5496326632245840e+00	2.7466786625152931e+01	
3.8571627325292495e+00	3.5496276689448969e+00	2.7466826022665359e+01	
3.8571687967407740e+00	3.5496215053606308e+00	2.7466874644152067e+01	
3.8571761059610976e+00	3.5496140763351676e+00	2.7466933247911676e+01	
3.8571846983543430e+00	3.5496053430616974e+00	2.7467002139975683e+01	
3.8571945334749831e+00	3.5495953466290322e+00	2.7467080996105942e+01	
3.8572054719611613e+00	3.5495842286640107e+00	2.7467168698973303e+01	
3.8572172606116468e+00	3.5495722465035322e+00	2.7467263218497688e+01	
3.8572295266054244e+00	3.5495597790750884e+00	2.7467361565489657e+01	
3.8572417842734485e+00	3.5495473200192045e+00	2.7467459845933092e+01	
3.8572534567328289e+00	3.5495354557039942e+00	2.7467553434436002e+01	
3.8572639128469208e+00	3.5495248276589941e+00	2.7467637270569536e+01	
3.8572725175599416e+00	3.5495160814104363e+00	2.7467706262452133e+01	
3.8572786910360910e+00	3.5495098063629835e+00	2.7467755760936903e+01	
3.8572819697177767e+00	3.5495064737278943e+00	2.7467782049192756e+01	
3.8572820609606286e+00	3.5495063809798411e+00	2.7467782780784887e+01	
3.8572788827751952e+00	3.5495096114550599e+00	2.7467757298334732e+01	
3.8572725816529840e+00	3.5495160162312263e+00	2.7467706776449152e+01	
3.8572635243944728e+00	3.5495252224393683e+00	2.7467634156185113e+01	
3.8572522638429194e+00	3.5495366681040199e+00	2.7467543870282391e+01	
3.8572394827164995e+00	3.5495496592467943e+00	2.7467441392787393e+01	
3.8572259234373925e+00	3.5495634412209114e+00	2.7467332676407398e+01	
3.8572123141688479e+00	3.5495772738947742e+00	2.7467223559473005e+01	
3.8571993016669737e+00	3.5495904999024965e+00	2.7467119227554655e+01	
3.8571873999467887e+00	3.5496025968150806e+00	2.7467023801887834e+01	
3.8571769605359933e+00	3.5496132073665878e+00	2.7466940100891627e+01	
3.8571681660006938e+00	3.5496221460263437e+00	2.7466869588278062e+01	
3.8571610443997835e+00	3.5496293843011126e+00	2.7466812488958986e+01	
3.8571554992057808e+00	3.5496350203201041e+00	2.7466768028953364e+01	
3.8571513475749564e+00	3.5496392399365204e+00	2.7466734742231218e+01	
3.8571483598050227e+00	3.5496422766239664e+00	2.7466710787074934e+01	
3.8571462941312800e+00	3.5496443761117109e+00	2.7466694225063257e+01	
3.8571449231501154e+00	3.5496457695299095e+00	2.7466683232925032e+01	
3.8571440504951555e+00	3.5496466564615705e+00	2.7466676236241682e+01	
3.8571435183843716e+00	3.5496471972726988e+00	2.7466671969956110e+01	
3.8571432079720118e+00	3.5496475127550915e+00	2.7466669481193232e+01	
3.8571430349891882e+00	3.5496476885573829e+00	2.7466668094306797e+01	
3.8571429430583497e+00	3.5496477819801440e+00	2.7466667357276240e+01	
3.8571428965538059e+00	3.5496478292323070e+00	2.7466666984464137e+01	
3.8571428742077298e+00	3.5496478519298638e+00	2.7466666805350695e+01	
3.8571428640311609e+00	3.5496478622580163e+00	2.7466666723811691e+01	
3.8571428596488810e+00	3.5496478666963132e+00	2.7466666688732460e+01	
3.8571428578678155e+00	3.5496478684900552e+00	2.7466666674511949e+01	
3.8571428571845887e+00	3.5496478691671793e+00	2.7466666669096689e+01	
3.8571428569354325e+00	3.5496478694022642e+00	2.7466666667164976e+01	
3.8571428568463189e+00	3.5496478694737581e+00	2.7466666666519977e+01	
3.8571428568118233e+00	3.5496478694887390e+00	2.7466666666316712e+01	
3.8571428567942925e+00	3.5496478694854008e+00	2.7466666666253587e+01	
3.8571428567812838e+00	3.5496478694763010e+00	2.7466666666231177e+01	
3.8571428567689972e+00	3.5496478694652094e+00	2.7466666666219371e+01	
3.8571428567563406e+00	3.5496478694531257e+00	2.7466666666209854e+01	
3.8571428567429953e+00	3.5496478694402578e+00	2.7466666666200510e+01	
3.8571428567288351e+00	3.5496478694266003e+00	2.7466666666190854e+01	
3.8571428567137711e+00	3.5496478694120923e+00	2.7466666666180760e+01	
3.8571428566977151e+00	3.5496478693966580e+00	2.7466666666170166e+01	
3.8571428566805714e+00	3.5496478693802089e+00	2.7466666666159036e+01	
3.8571428566622328e+00	3.5496478693626461e+00	2.7466666666147312e+01	
3.8571428566425814e+00	3.5496478693438598e+00	2.7466666666134952e+01	
