3.8571428571431943e+00	3.5496478698591232e+00	2.7466666666670097e+01	
3.8571428571434496e+00	3.5496478698590126e+00	2.7466666666671703e+01	
3.8571428571442365e+00	3.5496478698582834e+00	2.7466666666677824e+01	
3.8571428571458437e+00	3.5496478698566860e+00	2.7466666666690642e+01	
3.8571428571491708e+00	3.5496478698533234e+00	2.7466666666717291e+01	
3.8571428571560116e+00	3.5496478698463818e+00	2.7466666666772131e+01	
3.8571428571699204e+00	3.5496478698322504e+00	2.7466666666883647e+01	
3.8571428571978497e+00	3.5496478698038678e+00	2.7466666667107582e+01	
3.8571428572532049e+00	3.5496478697476093e+00	2.7466666667551404e+01	
3.8571428573614548e+00	3.5496478696375897e+00	2.7466666668419322e+01	
3.8571428575702487e+00	3.5496478694253786e+00	2.7466666670093375e+01	
3.8571428579673497e+00	3.5496478690217774e+00	2.7466666673277231e+01	
3.8571428587118026e+00	3.5496478682651365e+00	2.7466666679246064e+01	
3.8571428600870790e+00	3.5496478668673439e+00	2.7466666690272682e+01	
3.8571428625898418e+00	3.5496478643236067e+00	2.7466666710339176e+01	
3.8571428670750616e+00	3.5496478597649550e+00	2.7466666746300508e+01	
3.8571428749879808e+00	3.5496478517224870e+00	2.7466666809744236e+01	
3.8571428887261257e+00	3.5496478377594212e+00	2.7466666919893118e+01	
3.8571429121901186e+00	3.5496478139112764e+00	2.7466667108021326e+01	
3.8571429515991467e+00	3.5496477738570422e+00	2.7466667423992689e+01	
3.8571430166629703e+00	3.5496477077279884e+00	2.7466667945657573e+01	
3.8571431222121686e+00	3.5496476004507271e+00	2.7466668791923691e+01	
3.8571432903839868e+00	3.5496474295255638e+00	2.7466670140281806e+01	
3.8571435534316132e+00	3.5496471621712260e+00	2.7466672249329680e+01	
3.8571439571560746e+00	3.5496467518367476e+00	2.7466675486288281e+01	
3.8571445648380838e+00	3.5496461342051990e+00	2.7466680358526400e+01	
3.8571454613607656e+00	3.5496452230033553e+00	2.7466687546615866e+01	
3.8571467569616122e+00	3.5496439061881135e+00	2.7466697934414224e+01	
3.8571485897484554e+00	3.5496420433889990e+00	2.7466712629237929e+01	
3.8571511258004514e+00	3.5496394658049732e+00	2.7466732962673344e+01	
3.8571545554230871e+00	3.5496359800099446e+00	2.7466760460552184e+01	
3.8571590840391714e+00	3.5496313772098458e+00	2.7466796769920357e+01	
3.8571649163993036e+00	3.5496254492894672e+00	2.7466843532444326e+01	
3.8571722334043468e+00	3.5496180123684287e+00	2.7466902198582044e+01	
3.8571811619238852e+00	3.5496089374765818e+00	2.7466973785595648e+01	
3.8571917395501356e+00	3.5495981863784349e+00	2.7467058594954281e+01	
3.8572038780878644e+00	3.5495858486846634e+00	2.7467155919597030e+01	
3.8572173314230662e+00	3.5495721745160678e+00	2.7467263786296854e+01	
3.8572316747623057e+00	3.5495575956132170e+00	2.7467378789186082e+01	
3.8572463025421344e+00	3.5495427274711293e+00	2.7467496072972043e+01	
3.8572604510873481e+00	3.5495283463176288e+00	2.7467609514588183e+01	
3.8572732491005861e+00	3.5495153377984989e+00	2.7467712128004123e+01	
3.8572837944564471e+00	3.5495046189181196e+00	2.7467796679960017e+01	
3.8572912502217789e+00	3.5494970404291295e+00	2.7467856459874223e+01	
3.8572949474721780e+00	3.5494932823076892e+00	2.7467886104256518e+01	
3.8572944787264136e+00	3.5494937587642368e+00	2.7467882345898133e+01	
3.8572897649787401e+00	3.5494985500968008e+00	2.7467844551357263e+01	
3.8572810821490675e+00	3.5495073758056512e+00	2.7467774933033592e+01	
3.8572690391844509e+00	3.5495196168646741e+00	2.7467678373558151e+01	
3.8572545089042110e+00	3.5495343860349040e+00	2.7467561871266838e+01	
3.8572385220173095e+00	3.5495506356119457e+00	2.7467433690391765e+01	
3.8572221422380433e+00	3.5495672843782309e+00	2.7467302359718573e+01	
3.8572063440945770e+00	3.5495833418057545e+00	2.7467175692862948e+01	
3.8571919138399835e+00	3.5495980087647103e+00	2.7467059993807283e+01	
3.8571793881460601e+00	3.5496107398214169e+00	2.7466959565390937e+01	
3.8571690365688927e+00	3.5496212610447442e+00	2.7466876568757904e+01	
3.8571608844888114e+00	3.5496295466778012e+00	2.7466811207312446e+01	
3.8571547657438363e+00	3.5496357656350357e+00	2.7466762148737921e+01	
3.8571503901811637e+00	3.5496402128421813e+00	2.7466727066613068e+01	
3.8571474113590329e+00	3.5496432404268075e+00	2.7466703183226080e+01	
3.8571454829567595e+00	3.5496452003871006e+00	2.7466687721850352e+01	
3.8571442975925159e+00	3.5496464051409697e+00	2.7466678217969886e+01	
3.8571436069931786e+00	3.5496471070277980e+00	2.7466672680991735e+01	
3.8571432264550558e+00	3.5496474937757942e+00	2.7466669630008440e+01	
3.8571430286229456e+00	3.5496476948253486e+00	2.7466668043918844e+01	
3.8571429318639696e+00	3.5496477931458137e+00	2.7466667268211889e+01	
3.8571428874847382e+00	3.5496478382277106e+00	2.7466666912476917e+01	
3.8571428684656692e+00	3.5496478575328823e+00	2.7466666760078333e+01	
3.8571428608793887e+00	3.5496478652166026e+00	2.7466666699350530e+01	
3.8571428580729501e+00	3.5496478680406138e+00	2.7466666676952389e+01	
3.8571428571107278e+00	3.5496478689884565e+00	2.7466666669347411e+01	
3.8571428568011488e+00	3.5496478692710451e+00	2.7466666666982508e+01	
3.8571428567015840e+00	3.5496478693380751e+00	2.7466666666309511e+01	
3.8571428566624792e+00	3.5496478693413382e+00	2.7466666666130145e+01	
3.8571428566381876e+00	3.5496478693269977e+00	2.7466666666079309e+01	
3.8571428566161812e+00	3.5496478693075222e+00	2.7466666666057613e+01	
3.8571428565933337e+00	3.5496478692857956e+00	2.7466666666041110e+01	
3.8571428565688639e+00	3.5496478692623032e+00	2.7466666666024754e+01	
3.8571428565425108e+00	3.5496478692370173e+00	2.7466666666007594e+01	
3.8571428565141543e+00	3.5496478692098572e+00	2.7466666665989447e+01	
3.8571428564838279e+00	3.5496478691808551e+00	2.7466666665970312e+01	
