3.8571428571428656e+00	3.5496478698597276e+00	2.7466666666666836e+01	
3.8571428571428936e+00	3.5496478698597773e+00	2.7466666666666740e+01	
3.8571428571428732e+00	3.5496478698597747e+00	2.7466666666666672e+01	
3.8571428571427822e+00	3.5496478698597045e+00	2.7466666666666598e+01	
3.8571428571428519e+00	3.5496478698597693e+00	2.7466666666666683e+01	
3.8571428571430220e+00	3.5496478698599336e+00	2.7466666666666839e+01	
3.8571428571428217e+00	3.5496478698597689e+00	2.7466666666666860e+01	
3.8571428571425699e+00	3.5496478698595699e+00	2.7466666666666907e+01	
3.8571428571431632e+00	3.5496478698601535e+00	2.7466666666667390e+01	
3.8571428571435233e+00	3.5496478698605296e+00	2.7466666666667816e+01	
3.8571428571421480e+00	3.5496478698593097e+00	2.7466666666667496e+01	
3.8571428571420241e+00	3.5496478698592222e+00	2.7466666666667592e+01	
3.8571428571451363e+00	3.5496478698620644e+00	2.7466666666668775e+01	
3.8571428571440407e+00	3.5496478698609302e+00	2.7466666666667599e+01	
3.8571428571374833e+00	3.5496478698546028e+00	2.7466666666663123e+01	
3.8571428571421951e+00	3.5496478698583882e+00	2.7466666666661933e+01	
3.8571428571536277e+00	3.5496478698680045e+00	2.7466666666661578e+01	
3.8571428571369131e+00	3.5496478698512974e+00	2.7466666666646859e+01	
3.8571428571167878e+00	3.5496478698310270e+00	2.7466666666628271e+01	
3.8571428571590776e+00	3.5496478698679375e+00	2.7466666666634584e+01	
3.8571428571817448e+00	3.5496478698869596e+00	2.7466666666633614e+01	
3.8571428570763238e+00	3.5496478697891627e+00	2.7466666666584459e+01	
3.8571428570703525e+00	3.5496478697854443e+00	2.7466666666592168e+01	
3.8571428573068056e+00	3.5496478700096787e+00	2.7466666666730521e+01	
3.8571428572299404e+00	3.5496478699535832e+00	2.7466666666782348e+01	
3.8571428567691228e+00	3.5496478695559932e+00	2.7466666666739840e+01	
3.8571428571785495e+00	3.5496478699750091e+00	2.7466666667156531e+01	
3.8571428580838627e+00	3.5496478708686965e+00	2.7466666667888735e+01	
3.8571428569014077e+00	3.5496478698581519e+00	2.7466666667835419e+01	
3.8571428555528402e+00	3.5496478687029209e+00	2.7466666667758876e+01	
3.8571428588633196e+00	3.5496478718212541e+00	2.7466666669574238e+01	
3.8571428605248039e+00	3.5496478733652888e+00	2.7466666670364283e+01	
3.8571428525883782e+00	3.5496478659487858e+00	2.7466666666353735e+01	
3.8571428521508770e+00	3.5496478651997920e+00	2.7466666664172720e+01	
3.8571428691494853e+00	3.5496478801216167e+00	2.7466666667212873e+01	
3.8571428616448573e+00	3.5496478719517093e+00	2.7466666656754509e+01	
3.8571428254973599e+00	3.5496478367215363e+00	2.7466666630128991e+01	
3.8571428540954300e+00	3.5496478602908867e+00	2.7466666626400393e+01	
3.8571429164828759e+00	3.5496479142807980e+00	2.7466666633090291e+01	
3.8571428214502781e+00	3.5496478232099253e+00	2.7466666572022486e+01	
3.8571427192885888e+00	3.5496477265020392e+00	2.7466666513258303e+01	
3.8571429666001849e+00	3.5496479543895005e+00	2.7466666619665276e+01	
3.8571430852426305e+00	3.5496480701809991e+00	2.7466666707976074e+01	
3.8571425036875553e+00	3.5496475527589451e+00	2.7466666564106983e+01	
3.8571425217152835e+00	3.5496476046054743e+00	2.7466666774882668e+01	
3.8571438469879515e+00	3.5496488841293501e+00	2.7466667681234842e+01	
3.8571433415166188e+00	3.5496485098344710e+00	2.7466667990830558e+01	
3.8571408056466181e+00	3.5496463001832290e+00	2.7466667631803261e+01	
3.8571432036115598e+00	3.5496486567096786e+00	2.7466669509965140e+01	
3.8571479861695250e+00	3.5496532077633463e+00	2.7466672398107388e+01	
3.8571409410596349e+00	3.5496468188709085e+00	2.7466669959738901e+01	
3.8571336312247588e+00	3.5496400325909359e+00	2.7466666523281603e+01	
3.8571520922744562e+00	3.5496566533912119e+00	2.7466672217374956e+01	
3.8571596111931017e+00	3.5496626741738635e+00	2.7466670222966393e+01	
3.8571144551523964e+00	3.5496194090460262e+00	2.7466641254418068e+01	
3.8571144152528292e+00	3.5496165489856231e+00	2.7466624969691065e+01	
3.8572086520585116e+00	3.5496990916733990e+00	2.7466640781650099e+01	
3.8571615040966520e+00	3.5496501389991382e+00	2.7466588760783225e+01	
3.8569658645269658e+00	3.5494636094307168e+00	2.7466468540892500e+01	
3.8571418526857628e+00	3.5496194865984436e+00	2.7466508025815131e+01	
3.8574851199683242e+00	3.5499324247215593e+00	2.7466636308834268e+01	
3.8569479039443233e+00	3.5494428802975353e+00	2.7466436733136728e+01	
3.8564332306314646e+00	3.5489891095750634e+00	2.7466333293906352e+01	
3.8578631025679360e+00	3.5503498958425492e+00	2.7467197521543564e+01	
3.8584549146561327e+00	3.5509767749005410e+00	2.7467922026637435e+01	
3.8552066408050925e+00	3.5481197747406052e+00	2.7467308928734024e+01	
3.8555182935433869e+00	3.5485979102791769e+00	2.7468543314541254e+01	
3.8628218617525727e+00	3.5555670428048307e+00	2.7473063926905997e+01	
3.8594345004780033e+00	3.5527277348567887e+00	2.7473231392074684e+01	
3.8453451942626962e+00	3.5400020940882806e+00	2.7468650647188269e+01	
3.8591881052984256e+00	3.5528122663685715e+00	2.7474920642807575e+01	
3.8842672329613808e+00	3.5755714371936920e+00	2.7483693154673443e+01	
3.8426969106460911e+00	3.5362697500986271e+00	2.7460066484221525e+01	
3.8037635913321624e+00	3.4982196927128748e+00	2.7430785371817251e+01	
3.9077672390690470e+00	3.5900000555995333e+00	2.7452170501242620e+01	
3.9420871170226066e+00	3.6154169148700817e+00	2.7431169771409877e+01	
3.6892594367014837e+00	3.3740401962852236e+00	2.7273952537595438e+01	
3.7074888066426430e+00	3.3798584879630256e+00	2.7218533974243044e+01	
4.2352977454948215e+00	3.8538234269234435e+00	2.7374240292303089e+01	
3.9502177211182703e+00	3.5823040810414035e+00	2.7200706638084167e+01	
2.9001357479349292e+00	2.6157526409149914e+00	2.6754988036359336e+01	
