3.8571428571428528e+00	3.5496478698597573e+00	2.7466666666666686e+01	
3.8571428571428630e+00	3.5496478698597653e+00	2.7466666666666686e+01	
3.8571428571428679e+00	3.5496478698597769e+00	2.7466666666666654e+01	
3.8571428571428390e+00	3.5496478698597511e+00	2.7466666666666633e+01	
3.8571428571428323e+00	3.5496478698597427e+00	2.7466666666666644e+01	
3.8571428571428976e+00	3.5496478698598031e+00	2.7466666666666679e+01	
3.8571428571428905e+00	3.5496478698598013e+00	2.7466666666666697e+01	
3.8571428571427568e+00	3.5496478698596863e+00	2.7466666666666683e+01	
3.8571428571428417e+00	3.5496478698597769e+00	2.7466666666666796e+01	
3.8571428571431201e+00	3.5496478698600527e+00	2.7466666666667031e+01	
3.8571428571428492e+00	3.5496478698598315e+00	2.7466666666667074e+01	
3.8571428571424002e+00	3.5496478698594522e+00	2.7466666666667081e+01	
3.8571428571432413e+00	3.5496478698602596e+00	2.7466666666667628e+01	
3.8571428571439239e+00	3.5496478698609115e+00	2.7466666666668051e+01	
3.8571428571418291e+00	3.5496478698589744e+00	2.7466666666667102e+01	
3.8571428571412123e+00	3.5496478698583296e+00	2.7466666666666402e+01	
3.8571428571459374e+00	3.5496478698624845e+00	2.7466666666667294e+01	
3.8571428571449511e+00	3.5496478698612064e+00	2.7466666666664739e+01	
3.8571428571344000e+00	3.5496478698508787e+00	2.7466666666656710e+01	
3.8571428571400341e+00	3.5496478698551415e+00	2.7466666666653779e+01	
3.8571428571592028e+00	3.5496478698715448e+00	2.7466666666654771e+01	
3.8571428571366035e+00	3.5496478698492893e+00	2.7466666666636797e+01	
3.8571428571018154e+00	3.5496478698158773e+00	2.7466666666614021e+01	
3.8571428571638422e+00	3.5496478698722100e+00	2.7466666666635977e+01	
3.8571428572123043e+00	3.5496478699177327e+00	2.7466666666661819e+01	
3.8571428570572275e+00	3.5496478697792027e+00	2.7466666666620259e+01	
3.8571428570242356e+00	3.5496478697585032e+00	2.7466666666661951e+01	
3.8571428573941935e+00	3.5496478701168619e+00	2.7466666666921714e+01	
3.8571428573383355e+00	3.5496478700944745e+00	2.7466666667065262e+01	
3.8571428566001003e+00	3.5496478694573645e+00	2.7466666666996218e+01	
3.8571428571084283e+00	3.5496478699803817e+00	2.7466666667529609e+01	
3.8571428586011516e+00	3.5496478714168158e+00	2.7466666668523061e+01	
3.8571428569549839e+00	3.5496478699576031e+00	2.7466666668147031e+01	
3.8571428544811499e+00	3.5496478677010819e+00	2.7466666667215268e+01	
3.8571428591787518e+00	3.5496478719601443e+00	2.7466666668835497e+01	
3.8571428624867470e+00	3.5496478747828037e+00	2.7466666668959348e+01	
3.8571428504129703e+00	3.5496478631923507e+00	2.7466666661085466e+01	
3.8571428475227632e+00	3.5496478596754120e+00	2.7466666654922815e+01	
3.8571428737795102e+00	3.5496478824841633e+00	2.7466666658235273e+01	
3.8571428666348697e+00	3.5496478739824964e+00	2.7466666644108919e+01	
3.8571428089376756e+00	3.5496478184378226e+00	2.7466666605576375e+01	
3.8571428451370591e+00	3.5496478490861696e+00	2.7466666605548689e+01	
3.8571429516220510e+00	3.5496479449308564e+00	2.7466666638245339e+01	
3.8571428232145193e+00	3.5496478265096751e+00	2.7466666582427429e+01	
3.8571426442940466e+00	3.5496476657887026e+00	2.7466666529340007e+01	
3.8571430085646394e+00	3.5496480125185590e+00	2.7466666749850447e+01	
3.8571432641455003e+00	3.5496482712694304e+00	2.7466666993742901e+01	
3.8571423961603952e+00	3.5496475132804601e+00	2.7466666861272255e+01	
3.8571422750068804e+00	3.5496474646897056e+00	2.7466667172417580e+01	
3.8571443335711870e+00	3.5496494464412724e+00	2.7466668547131547e+01	
3.8571438658298662e+00	3.5496491236068319e+00	2.7466668969149055e+01	
3.8571397355226864e+00	3.5496454342384380e+00	2.7466667863562623e+01	
3.8571427115480863e+00	3.5496482521928758e+00	2.7466669580012841e+01	
3.8571506233348685e+00	3.5496555132376604e+00	2.7466672815018622e+01	
3.8571406923776639e+00	3.5496461477375933e+00	2.7466667306047963e+01	
3.8571272236886895e+00	3.5496331658482458e+00	2.7466658220801317e+01	
3.8571537564767260e+00	3.5496564362214436e+00	2.7466662846504825e+01	
3.8571700204862678e+00	3.5496694732303977e+00	2.7466658610756539e+01	
3.8571017186698864e+00	3.5496037119099646e+00	2.7466612950425155e+01	
3.8570904007168503e+00	3.5495893648073582e+00	2.7466585505000626e+01	
3.8572383052254322e+00	3.5497207852116515e+00	2.7466621102440758e+01	
3.8571920784627398e+00	3.5496736455943978e+00	2.7466575035699325e+01	
3.8568800544552180e+00	3.5493838003397187e+00	2.7466427351043322e+01	
3.8571100275797718e+00	3.5495978273349014e+00	2.7466538473518135e+01	
3.8576993319055308e+00	3.5501526113814688e+00	2.7466859856467114e+01	
3.8569645430915092e+00	3.5495059311974511e+00	2.7466719086407988e+01	
3.8560365474213145e+00	3.5487073309230528e+00	2.7466645512596404e+01	
3.8581350674642194e+00	3.5507295731054462e+00	2.7468057132778402e+01	
3.8594235921141218e+00	3.5520490157384543e+00	2.7469372028510350e+01	
3.8544994228498295e+00	3.5476920636966156e+00	2.7468300989587608e+01	
3.8540733032900176e+00	3.5475018071192865e+00	2.7469288215076645e+01	
3.8653830443143851e+00	3.5580992516285104e+00	2.7475141702308203e+01	
3.8617985199922162e+00	3.5548804505000087e+00	2.7474067663387739e+01	
3.8386707815458974e+00	3.5334119017842336e+00	2.7463291848303335e+01	
3.8561374046251271e+00	3.5487997664922992e+00	2.7466980876462689e+01	
3.8983619938800826e+00	3.5861205459503882e+00	2.7476233190908559e+01	
3.8393989380812759e+00	3.5293214709429912e+00	2.7435690071534378e+01	
3.7674202187270125e+00	3.4590670792319513e+00	2.7381992870143478e+01	
3.9216386082450314e+00	3.5933293992027968e+00	2.7414210165154138e+01	
4.0043069015046928e+00	3.6593302222802353e+00	2.7405859889639455e+01	
3.6178571733317164e+00	3.2986784256720694e+00	2.7192024237608877e+01	
