3.8571428571428581e+00	3.5496478698597689e+00	2.7466666666666669e+01	
3.8571428571428581e+00	3.5496478698597693e+00	2.7466666666666672e+01	
3.8571428571428581e+00	3.5496478698597689e+00	2.7466666666666669e+01	
3.8571428571428585e+00	3.5496478698597698e+00	2.7466666666666676e+01	
3.8571428571428572e+00	3.5496478698597680e+00	2.7466666666666669e+01	
3.8571428571428563e+00	3.5496478698597667e+00	2.7466666666666669e+01	
3.8571428571428572e+00	3.5496478698597684e+00	2.7466666666666669e+01	
3.8571428571428590e+00	3.5496478698597698e+00	2.7466666666666672e+01	
3.8571428571428545e+00	3.5496478698597649e+00	2.7466666666666665e+01	
3.8571428571428523e+00	3.5496478698597631e+00	2.7466666666666665e+01	
3.8571428571428621e+00	3.5496478698597711e+00	2.7466666666666669e+01	
3.8571428571428608e+00	3.5496478698597711e+00	2.7466666666666661e+01	
3.8571428571428394e+00	3.5496478698597516e+00	2.7466666666666658e+01	
3.8571428571428519e+00	3.5496478698597644e+00	2.7466666666666669e+01	
3.8571428571428967e+00	3.5496478698598084e+00	2.7466666666666704e+01	
3.8571428571428541e+00	3.5496478698597729e+00	2.7466666666666711e+01	
3.8571428571427822e+00	3.5496478698597129e+00	2.7466666666666722e+01	
3.8571428571429189e+00	3.5496478698598484e+00	2.7466666666666836e+01	
3.8571428571430353e+00	3.5496478698599665e+00	2.7466666666666949e+01	
3.8571428571427067e+00	3.5496478698596770e+00	2.7466666666666882e+01	
3.8571428571426125e+00	3.5496478698595997e+00	2.7466666666666896e+01	
3.8571428571433866e+00	3.5496478698603111e+00	2.7466666666667216e+01	
3.8571428571432609e+00	3.5496478698601734e+00	2.7466666666667034e+01	
3.8571428571415809e+00	3.5496478698585685e+00	2.7466666666665979e+01	
3.8571428571424735e+00	3.5496478698592715e+00	2.7466666666665674e+01	
3.8571428571455746e+00	3.5496478698619227e+00	2.7466666666665823e+01	
3.8571428571419579e+00	3.5496478698582874e+00	2.7466666666662523e+01	
3.8571428571361950e+00	3.5496478698525640e+00	2.7466666666657662e+01	
3.8571428571458783e+00	3.5496478698609675e+00	2.7466666666658838e+01	
3.8571428571535180e+00	3.5496478698674876e+00	2.7466666666659137e+01	
3.8571428571281845e+00	3.5496478698438478e+00	2.7466666666646528e+01	
3.8571428571217159e+00	3.5496478698380844e+00	2.7466666666644887e+01	
3.8571428571802922e+00	3.5496478698932226e+00	2.7466666666676787e+01	
3.8571428571714947e+00	3.5496478698881466e+00	2.7466666666690465e+01	
3.8571428570519473e+00	3.5496478697838891e+00	2.7466666666673021e+01	
3.8571428571318855e+00	3.5496478698669840e+00	2.7466666666761782e+01	
3.8571428573755844e+00	3.5496478701053915e+00	2.7466666666946431e+01	
3.8571428571199924e+00	3.5496478698890161e+00	2.7466666666946750e+01	
3.8571428567267327e+00	3.5496478695491245e+00	2.7466666666907095e+01	
3.8571428574915534e+00	3.5496478702737102e+00	2.7466666667350449e+01	
3.8571428580613452e+00	3.5496478708084025e+00	2.7466666667651225e+01	
3.8571428561598333e+00	3.5496478690425719e+00	2.7466666666754357e+01	
3.8571428556973557e+00	3.5496478685504238e+00	2.7466666666175133e+01	
3.8571428599503466e+00	3.5496478723133325e+00	2.7466666667105912e+01	
3.8571428588955183e+00	3.5496478710653330e+00	2.7466666665061759e+01	
3.8571428495652107e+00	3.5496478620320295e+00	2.7466666658536454e+01	
3.8571428551148004e+00	3.5496478664920921e+00	2.7466666657158353e+01	
3.8571428721053849e+00	3.5496478812884851e+00	2.7466666659515941e+01	
3.8571428512855483e+00	3.5496478611838262e+00	2.7466666645259007e+01	
3.8571428213696972e+00	3.5496478328308720e+00	2.7466666627858686e+01	
3.8571428783815165e+00	3.5496478850428796e+00	2.7466666650540905e+01	
3.8571429191418929e+00	3.5496479236145304e+00	2.7466666673928717e+01	
3.8571427785836199e+00	3.5496477977635985e+00	2.7466666634618043e+01	
3.8571427551489146e+00	3.5496477836623805e+00	2.7466666667782505e+01	
3.8571430855900970e+00	3.5496481010019996e+00	2.7466666884189124e+01	
3.8571430179806980e+00	3.5496480595686433e+00	2.7466666975765815e+01	
3.8571423577592556e+00	3.5496474813270336e+00	2.7466666866283138e+01	
3.8571428372927006e+00	3.5496479595421375e+00	2.7466667284274298e+01	
3.8571441416197239e+00	3.5496491993642798e+00	2.7466668069182997e+01	
3.8571426019844823e+00	3.5496478126720086e+00	2.7466667602905915e+01	
3.8571404569766208e+00	3.5496458371458139e+00	2.7466666713119231e+01	
3.8571447547926367e+00	3.5496497211678943e+00	2.7466668192136929e+01	
3.8571475277957727e+00	3.5496520721871110e+00	2.7466668400678248e+01	
3.8571366675731578e+00	3.5496416544243976e+00	2.7466661914053311e+01	
3.8571347366169788e+00	3.5496390865499263e+00	2.7466658094776641e+01	
3.8571586287009270e+00	3.5496596692463855e+00	2.7466664366644093e+01	
3.8571519225825375e+00	3.5496510040001201e+00	2.7466658402904358e+01	
3.8571024959538867e+00	3.5496009302822231e+00	2.7466639677237829e+01	
3.8571412110535128e+00	3.5496277434249563e+00	2.7466674471712128e+01	
3.8572434444969086e+00	3.5497044858103091e+00	2.7466774733105680e+01	
3.8571424194295840e+00	3.5495777002895950e+00	2.7466868675658102e+01	
3.8570226554718809e+00	3.5494043752936348e+00	2.7467100665817050e+01	
3.8574152068720999e+00	3.5496576688333454e+00	2.7467779357564449e+01	
3.8577178480380385e+00	3.5497767919268286e+00	2.7468704947028229e+01	
3.8570393399451302e+00	3.5489678851816016e+00	2.7469429912029202e+01	
3.8570569818194760e+00	3.5488528613412638e+00	2.7470383405190081e+01	
3.8589146763190683e+00	3.5505914980856743e+00	2.7471634867796588e+01	
3.8582869608217103e+00	3.5502536973956693e+00	2.7471115794021326e+01	
3.8544311901708292e+00	3.5470650054230566e+00	2.7468735533907317e+01	
3.8572539401001005e+00	3.5499513041070339e+00	2.7469167003668325e+01	
3.8642601096619238e+00	3.5564709494968674e+00	2.7471441624972453e+01	
