3.8571428571428585e+00	3.5496478698597698e+00	2.7466666666666676e+01	
3.8571428571428577e+00	3.5496478698597693e+00	2.7466666666666669e+01	
3.8571428571428577e+00	3.5496478698597684e+00	2.7466666666666669e+01	
3.8571428571428572e+00	3.5496478698597693e+00	2.7466666666666669e+01	
3.8571428571428577e+00	3.5496478698597693e+00	2.7466666666666669e+01	
3.8571428571428577e+00	3.5496478698597693e+00	2.7466666666666669e+01	
3.8571428571428577e+00	3.5496478698597693e+00	2.7466666666666669e+01	
3.8571428571428577e+00	3.5496478698597689e+00	2.7466666666666669e+01	
3.8571428571428577e+00	3.5496478698597693e+00	2.7466666666666669e+01	
3.8571428571428577e+00	3.5496478698597684e+00	2.7466666666666669e+01	
3.8571428571428577e+00	3.5496478698597693e+00	2.7466666666666669e+01	
3.8571428571428577e+00	3.5496478698597689e+00	2.7466666666666669e+01	
3.8571428571428577e+00	3.5496478698597689e+00	2.7466666666666669e+01	
3.8571428571428572e+00	3.5496478698597689e+00	2.7466666666666669e+01	
3.8571428571428572e+00	3.5496478698597689e+00	2.7466666666666669e+01	
3.8571428571428577e+00	3.5496478698597693e+00	2.7466666666666669e+01	
3.8571428571428581e+00	3.5496478698597693e+00	2.7466666666666669e+01	
3.8571428571428581e+00	3.5496478698597693e+00	2.7466666666666669e+01	
3.8571428571428585e+00	3.5496478698597689e+00	2.7466666666666672e+01	
3.8571428571428585e+00	3.5496478698597680e+00	2.7466666666666676e+01	
3.8571428571428599e+00	3.5496478698597675e+00	2.7466666666666683e+01	
3.8571428571428621e+00	3.5496478698597653e+00	2.7466666666666701e+01	
3.8571428571428665e+00	3.5496478698597591e+00	2.7466666666666740e+01	
3.8571428571428776e+00	3.5496478698597476e+00	2.7466666666666832e+01	
3.8571428571429061e+00	3.5496478698597205e+00	2.7466666666667052e+01	
3.8571428571429713e+00	3.5496478698596547e+00	2.7466666666667575e+01	
3.8571428571431281e+00	3.5496478698594953e+00	2.7466666666668829e+01	
3.8571428571435051e+00	3.5496478698591098e+00	2.7466666666671856e+01	
3.8571428571444213e+00	3.5496478698581782e+00	2.7466666666679206e+01	
3.8571428571466386e+00	3.5496478698559244e+00	2.7466666666696987e+01	
3.8571428571519824e+00	3.5496478698504932e+00	2.7466666666739830e+01	
3.8571428571647668e+00	3.5496478698374996e+00	2.7466666666842332e+01	
3.8571428571950510e+00	3.5496478698067184e+00	2.7466666667085146e+01	
3.8571428572659241e+00	3.5496478697346849e+00	2.7466666667653389e+01	
3.8571428574294404e+00	3.5496478695684912e+00	2.7466666668964422e+01	
3.8571428578007110e+00	3.5496478691911419e+00	2.7466666671941173e+01	
3.8571428586290031e+00	3.5496478683492887e+00	2.7466666678582207e+01	
3.8571428604421287e+00	3.5496478665064792e+00	2.7466666693119379e+01	
3.8571428643313541e+00	3.5496478625535808e+00	2.7466666724302172e+01	
3.8571428724965786e+00	3.5496478542546734e+00	2.7466666789768833e+01	
3.8571428892555852e+00	3.5496478372212894e+00	2.7466666924138195e+01	
3.8571429228464926e+00	3.5496478030804326e+00	2.7466667193461376e+01	
3.8571429885230115e+00	3.5496477363286543e+00	2.7466667720038682e+01	
3.8571431136434415e+00	3.5496476091597335e+00	2.7466668723221893e+01	
3.8571433456362700e+00	3.5496473733686655e+00	2.7466670583280347e+01	
3.8571437637765240e+00	3.5496469483824220e+00	2.7466673935820943e+01	
3.8571444954339613e+00	3.5496462047456157e+00	2.7466679802062210e+01	
3.8571457365791693e+00	3.5496449432783819e+00	2.7466689753247547e+01	
3.8571477745454819e+00	3.5496428719409092e+00	2.7466706093146588e+01	
3.8571510081359883e+00	3.5496395853952794e+00	2.7466732019272882e+01	
3.8571559562774684e+00	3.5496345562063674e+00	2.7466771692277000e+01	
3.8571632423710134e+00	3.5496271507414905e+00	2.7466830110487628e+01	
3.8571735390337194e+00	3.5496166853243656e+00	2.7466912666886362e+01	
3.8571874597501985e+00	3.5496025363482961e+00	2.7467024280418791e+01	
3.8572053930192469e+00	3.5495843088429666e+00	2.7467168066226915e+01	
3.8572272926655593e+00	3.5495620496100120e+00	2.7467343654387090e+01	
3.8572524635660521e+00	3.5495364650448527e+00	2.7467545471827595e+01	
3.8572794083751321e+00	3.5495090769927167e+00	2.7467761513244572e+01	
3.8573058157771172e+00	3.5494822347719559e+00	2.7467973246717552e+01	
3.8573287599714372e+00	3.5494589124587468e+00	2.7468157213060568e+01	
3.8573451348663079e+00	3.5494422675209125e+00	2.7468288507243635e+01	
3.8573522685626602e+00	3.5494350161164672e+00	2.7468345705513109e+01	
3.8573485768047679e+00	3.5494387687374229e+00	2.7468316105034681e+01	
3.8573340563030030e+00	3.5494535286280069e+00	2.7468199679676200e+01	
3.8573104285222737e+00	3.5494775456439678e+00	2.7468010232880857e+01	
3.8572808375205705e+00	3.5495076236308383e+00	2.7467772974285214e+01	
3.8572491578880257e+00	3.5495398240909131e+00	2.7467518970316167e+01	
3.8572191195024175e+00	3.5495703557738749e+00	2.7467278126936034e+01	
3.8571935320932140e+00	3.5495963628547882e+00	2.7467072972225434e+01	
3.8571738505587239e+00	3.5496163669393423e+00	2.7466915170202647e+01	
3.8571601774428568e+00	3.5496302641805553e+00	2.7466805541888398e+01	
3.8571516242503643e+00	3.5496389573583071e+00	2.7466736964813748e+01	
3.8571468341136632e+00	3.5496438254107749e+00	2.7466698560648137e+01	
3.8571444528706000e+00	3.5496462456903504e+00	2.7466679468115398e+01	
3.8571434142505203e+00	3.5496473020431720e+00	2.7466671137684195e+01	
3.8571430220560310e+00	3.5496476999633306e+00	2.7466667995680293e+01	
3.8571428962531309e+00	3.5496478264979823e+00	2.7466666992022141e+01	
3.8571428646640533e+00	3.5496478610861839e+00	2.7466666728884249e+01	
3.8571428595633934e+00	3.5496478696010971e+00	2.7466666674997299e+01	
3.8571428573688378e+00	3.5496478696507787e+00	2.7466666666417609e+01	
3.8571428604148528e+00	3.5496478727727889e+00	2.7466666667582874e+01	
