3.8571642182779171e+00	3.5495831056553757e+00	2.7466952083349913e+01	
3.8571687684037124e+00	3.5495849425923214e+00	2.7466966597914070e+01	
3.8571785577441822e+00	3.5495806911683321e+00	2.7467026000224262e+01	
3.8571884070687745e+00	3.5495756226669686e+00	2.7467088731140951e+01	
3.8571981882116515e+00	3.5495699040593194e+00	2.7467153614994157e+01	
3.8572077457982892e+00	3.5495637506643547e+00	2.7467219177724374e+01	
3.8572168977032764e+00	3.5495574175332023e+00	2.7467283682492923e+01	
3.8572254393847669e+00	3.5495511881077455e+00	2.7467345191591292e+01	
3.8572331520517427e+00	3.5495453604365155e+00	2.7467401653385611e+01	
3.8572398141715980e+00	3.5495402314819566e+00	2.7467451010203327e+01	
3.8572452154063446e+00	3.5495360803385396e+00	2.7467491320281347e+01	
3.8572491717215573e+00	3.5495331514367336e+00	2.7467520884492611e+01	
3.8572515401901777e+00	3.5495316389913367e+00	2.7467538366961179e+01	
3.8572522319464992e+00	3.5495316740137124e+00	2.7467542898162790e+01	
3.8572512218543160e+00	3.5495333151181869e+00	2.7467534149898921e+01	
3.8572485537352290e+00	3.5495365441018727e+00	2.7467512373651847e+01	
3.8572443404342307e+00	3.5495412668817350e+00	2.7467478397117826e+01	
3.8572387585327816e+00	3.5495473198729028e+00	2.7467433577824043e+01	
3.8572320380907086e+00	3.5495544813494049e+00	2.7467379717166196e+01	
3.8572244483344367e+00	3.5495624868142759e+00	2.7467318942381553e+01	
3.8572162806396273e+00	3.5495710469917259e+00	2.7467253567332833e+01	
3.8572078304237074e+00	3.5495798667985383e+00	2.7467185945058379e+01	
3.8571993796335442e+00	3.5495886635913956e+00	2.7467118325563142e+01	
3.8571911813798545e+00	3.5495971831282622e+00	2.7467052731231213e+01	
3.8571834479568468e+00	3.5496052120024286e+00	2.7466990859722369e+01	
3.8571763430428723e+00	3.5496125857576311e+00	2.7466934020665825e+01	
3.8571699783720290e+00	3.5496191924052498e+00	2.7466883108415129e+01	
3.8571644146699127e+00	3.5496249715671717e+00	2.7466838609153903e+01	
3.8571596662246335e+00	3.5496299098943980e+00	2.7466800637267966e+01	
3.8571557081657470e+00	3.5496340337124126e+00	2.7466768993515235e+01	
3.8571524853745904e+00	3.5496373999938680e+00	2.7466743236337027e+01	
3.8571499219501737e+00	3.5496400867566811e+00	2.7466722757666382e+01	
3.8571479302835496e+00	3.5496421838534515e+00	2.7466706855626555e+01	
3.8571464190127549e+00	3.5496437848943083e+00	2.7466694798274197e+01	
3.8571452993949134e+00	3.5496449807757582e+00	2.7466685874665195e+01	
3.8571444898978746e+00	3.5496458550174541e+00	2.7466679431654075e+01	
3.8571439190450159e+00	3.5496464808733883e+00	2.7466674896693743e+01	
3.8571435267200789e+00	3.5496469200077154e+00	2.7466671788292057e+01	
3.8571432642445718e+00	3.5496472224178444e+00	2.7466669716629688e+01	
3.8571430935808957e+00	3.5496474272460201e+00	2.7466668377169942e+01	
3.8571429860017363e+00	3.5496475641333949e+00	2.7466667539990269e+01	
3.8571429205168166e+00	3.5496476548207498e+00	2.7466667037169085e+01	
3.8571428822793181e+00	3.5496477147699510e+00	2.7466666750010027e+01	
3.8571428611212690e+00	3.5496477546543979e+00	2.7466666597300467e+01	
3.8571428503010989e+00	3.5496477816338676e+00	2.7466666525271329e+01	
3.8571428454939127e+00	3.5496478003827083e+00	2.7466666499503042e+01	
3.8571428440180893e+00	3.5496478138778302e+00	2.7466666498726372e+01	
3.8571428442697764e+00	3.5496478239754068e+00	2.7466666510290082e+01	
3.8571428453269490e+00	3.5496478318151894e+00	2.7466666526988078e+01	
3.8571428466834141e+00	3.5496478380926995e+00	2.7466666544928465e+01	
3.8571428480771717e+00	3.5496478432354772e+00	2.7466666562158998e+01	
3.8571428493839397e+00	3.5496478475129969e+00	2.7466666577814994e+01	
3.8571428505536827e+00	3.5496478511028231e+00	2.7466666591611904e+01	
3.8571428515742583e+00	3.5496478541291010e+00	2.7466666603555279e+01	
3.8571428524514473e+00	3.5496478566842962e+00	2.7466666613782010e+01	
3.8571428531984786e+00	3.5496478588412073e+00	2.7466666622477547e+01	
3.8571428538308083e+00	3.5496478606595270e+00	2.7466666629835231e+01	
3.8571428543636914e+00	3.5496478621894747e+00	2.7466666636037893e+01	
3.8571428548111713e+00	3.5496478634738957e+00	2.7466666641250725e+01	
3.8571428551857476e+00	3.5496478645495779e+00	2.7466666645619533e+01	
3.8571428554983540e+00	3.5496478654481658e+00	2.7466666649271357e+01	
3.8571428557584593e+00	3.5496478661968620e+00	2.7466666652316032e+01	
3.8571428559742129e+00	3.5496478668190115e+00	2.7466666654848066e+01	
3.8571428561526013e+00	3.5496478673345964e+00	2.7466666656948433e+01	
3.8571428562995913e+00	3.5496478677606778e+00	2.7466666658686290e+01	
3.8571428564202614e+00	3.5496478681117791e+00	2.7466666660120531e+01	
3.8571428565189239e+00	3.5496478684002253e+00	2.7466666661301147e+01	
3.8571428565992258e+00	3.5496478686364519e+00	2.7466666662270466e+01	
3.8571428566642463e+00	3.5496478688292656e+00	2.7466666663064203e+01	
3.8571428567165738e+00	3.5496478689860762e+00	2.7466666663712417e+01	
3.8571428567583812e+00	3.5496478691131026e+00	2.7466666664240346e+01	
3.8571428567914832e+00	3.5496478692155464e+00	2.7466666664669106e+01	
3.8571428568173940e+00	3.5496478692977469e+00	2.7466666665016319e+01	
3.8571428568373705e+00	3.5496478693633140e+00	2.7466666665296646e+01	
3.8571428568524553e+00	3.5496478694152414e+00	2.7466666665522247e+01	
3.8571428568635060e+00	3.5496478694560025e+00	2.7466666665703190e+01	
3.8571428568712305e+00	3.5496478694876386e+00	2.7466666665847786e+01	
3.8571428568762078e+00	3.5496478695118245e+00	2.7466666665962862e+01	
3.8571428568789088e+00	3.5496478695299336e+00	2.7466666666054021e+01	
3.8571428568797179e+00	3.5496478695430849e+00	2.7466666666125853e+01	
3.8571428568789421e+00	3.5496478695521887e+00	2.7466666666182096e+01	
