0.000000
0.375000
0.750000
1.125000
1.500000
1.875000
2.250000
2.625000
3.000000
3.375000
3.750000
4.125000
4.500000
4.875000
5.250000
5.625000
6.000000
6.375000
6.750000
7.125000
7.500000
7.875000
8.250000
8.625000
9.000000
9.375000
9.750000
10.125000
10.500000
10.875000
11.250000
11.625000
12.000000
12.375000
12.750000
13.125000
13.500000
13.875000
14.250000
14.625000
15.000000
15.375000
15.750000
16.125000
16.500000
16.875000
17.250000
17.625000
18.000000
18.375000
18.750000
19.125000
19.500000
19.875000
20.250000
20.625000
21.000000
21.375000
21.750000
22.125000
22.500000
22.875000
23.250000
23.625000
24.000000
24.375000
24.750000
25.125000
25.500000
25.875000
26.250000
26.625000
27.000000
27.375000
27.750000
28.125000
28.500000
28.875000
29.250000
29.625000
30.000000
30.375000
30.750000
31.125000
31.500000
31.875000
32.250000
32.625000
33.000000
33.375000
33.750000
34.125000
34.500000
34.875000
35.250000
35.625000
36.000000
36.375000
36.750000
37.125000
37.500000
37.875000
38.250000
38.625000
39.000000
39.375000
39.750000
40.125000
40.500000
40.875000
41.250000
41.625000
42.000000
42.375000
42.750000
43.125000
43.500000
43.875000
44.250000
44.625000
45.000000
45.375000
45.750000
46.125000
46.500000
46.875000
47.250000
47.625000
48.000000
48.375000
48.750000
49.125000
49.500000
49.875000
50.250000
50.625000
51.000000
51.375000
51.750000
52.125000
52.500000
52.875000
53.250000
53.625000
54.000000
54.375000
54.750000
55.125000
55.500000
55.875000
56.250000
56.625000
57.000000
57.375000
57.750000
58.125000
58.500000
58.875000
59.250000
59.625000
60.000000
60.375000
60.750000
61.125000
61.500000
61.875000
62.250000
62.625000
63.000000
63.375000
63.750000
64.125000
64.500000
64.875000
65.250000
65.625000
66.000000
66.375000
66.750000
67.125000
67.500000
67.875000
68.250000
68.625000
69.000000
69.375000
69.750000
70.125000
70.500000
70.875000
71.250000
71.625000
72.000000
72.375000
72.750000
73.125000
73.500000
73.875000
74.250000
74.625000
75.000000
