1.0333333333333330e+01	9.2027907737105108e-01	2.6790123456790123e+00	
1.0333333333333341e+01	9.2027907737105019e-01	2.6790123456790123e+00	
1.0333333333333345e+01	9.2027907737104930e-01	2.6790123456790123e+00	
1.0333333333333353e+01	9.2027907737104830e-01	2.6790123456790136e+00	
1.0333333333333369e+01	9.2027907737104642e-01	2.6790123456790145e+00	
1.0333333333333396e+01	9.2027907737104264e-01	2.6790123456790162e+00	
1.0333333333333446e+01	9.2027907737103598e-01	2.6790123456790202e+00	
1.0333333333333536e+01	9.2027907737102421e-01	2.6790123456790269e+00	
1.0333333333333695e+01	9.2027907737100267e-01	2.6790123456790380e+00	
1.0333333333333981e+01	9.2027907737096404e-01	2.6790123456790593e+00	
1.0333333333334496e+01	9.2027907737089509e-01	2.6790123456790975e+00	
1.0333333333335419e+01	9.2027907737077153e-01	2.6790123456791664e+00	
1.0333333333337077e+01	9.2027907737054981e-01	2.6790123456792898e+00	
1.0333333333340047e+01	9.2027907737015235e-01	2.6790123456795096e+00	
1.0333333333345363e+01	9.2027907736944059e-01	2.6790123456799031e+00	
1.0333333333354872e+01	9.2027907736816761e-01	2.6790123456806074e+00	
1.0333333333371858e+01	9.2027907736589387e-01	2.6790123456818655e+00	
1.0333333333402130e+01	9.2027907736184100e-01	2.6790123456841077e+00	
1.0333333333455974e+01	9.2027907735463332e-01	2.6790123456880961e+00	
1.0333333333551453e+01	9.2027907734185166e-01	2.6790123456951687e+00	
1.0333333333720173e+01	9.2027907731926484e-01	2.6790123457076667e+00	
1.0333333334017071e+01	9.2027907727951896e-01	2.6790123457296584e+00	
1.0333333334536968e+01	9.2027907720992042e-01	2.6790123457681698e+00	
1.0333333335442136e+01	9.2027907708874601e-01	2.6790123458352193e+00	
1.0333333337007758e+01	9.2027907687915611e-01	2.6790123459511914e+00	
1.0333333339695638e+01	9.2027907651933016e-01	2.6790123461502939e+00	
1.0333333344271812e+01	9.2027907590671798e-01	2.6790123464892699e+00	
1.0333333351990914e+01	9.2027907487336247e-01	2.6790123470610547e+00	
1.0333333364879275e+01	9.2027907314799950e-01	2.6790123480157488e+00	
1.0333333386160076e+01	9.2027907029914091e-01	2.6790123495921043e+00	
1.0333333420876048e+01	9.2027906565171780e-01	2.6790123521636580e+00	
1.0333333476775993e+01	9.2027905816839872e-01	2.6790123563043950e+00	
1.0333333565536677e+01	9.2027904628601542e-01	2.6790123628792597e+00	
1.0333333704384135e+01	9.2027902769852232e-01	2.6790123731642566e+00	
1.0333333918147799e+01	9.2027899908200606e-01	2.6790123889986024e+00	
1.0333334241714633e+01	9.2027895576615204e-01	2.6790124129665145e+00	
1.0333334722733150e+01	9.2027889137226349e-01	2.6790124485975149e+00	
1.0333335424238287e+01	9.2027879746186225e-01	2.6790125005608538e+00	
1.0333336426625465e+01	9.2027866327243169e-01	2.6790125748117468e+00	
1.0333337828114164e+01	9.2027847565535414e-01	2.6790126786257051e+00	
1.0333339742559739e+01	9.2027821936885357e-01	2.6790128204364496e+00	
1.0333342293289299e+01	9.2027787790318727e-01	2.6790130093793043e+00	
1.0333345601690274e+01	9.2027743500830361e-01	2.6790132544459038e+00	
1.0333349769728805e+01	9.2027687703410799e-01	2.6790135631892542e+00	
1.0333354856560351e+01	9.2027619606159772e-01	2.6790139399911852e+00	
1.0333360850962640e+01	9.2027539359324873e-01	2.6790143840203506e+00	
1.0333367643333927e+01	9.2027448430157388e-01	2.6790148871580350e+00	
1.0333375003062221e+01	9.2027349905864853e-01	2.6790154323218247e+00	
1.0333382568524209e+01	9.2027248627488789e-01	2.6790159927248181e+00	
1.0333389857000370e+01	9.2027151057165191e-01	2.6790165326101092e+00	
1.0333396299674176e+01	9.2027064809588122e-01	2.6790170098433395e+00	
1.0333401302345051e+01	9.2026997839251234e-01	2.6790173804099386e+00	
1.0333404326041830e+01	9.2026957361288753e-01	2.6790176043864373e+00	
1.0333404974830055e+01	9.2026948676019071e-01	2.6790176524446250e+00	
1.0333403072942225e+01	9.2026974136420392e-01	2.6790175115648092e+00	
1.0333398712197122e+01	9.2027032513337992e-01	2.6790171885483032e+00	
1.0333392254955742e+01	9.2027118955908249e-01	2.6790167102363944e+00	
1.0333384287350293e+01	9.2027225617663932e-01	2.6790161200459051e+00	
1.0333375529959664e+01	9.2027342852297456e-01	2.6790154713526775e+00	
1.0333366724702344e+01	9.2027460727805177e-01	2.6790148191133705e+00	
1.0333358523459143e+01	9.2027570517485802e-01	2.6790142116153333e+00	
1.0333351403216284e+01	9.2027665835923311e-01	2.6790136841908980e+00	
1.0333345624369619e+01	9.2027743197179046e-01	2.6790132561287416e+00	
1.0333341236087970e+01	9.2027801943004783e-01	2.6790129310711102e+00	
1.0333338119832483e+01	9.2027843660257480e-01	2.6790127002374233e+00	
1.0333336053601604e+01	9.2027871320855181e-01	2.6790125471831328e+00	
1.0333334777562502e+01	9.2027888403169333e-01	2.6790124526612851e+00	
1.0333334046000289e+01	9.2027898196579194e-01	2.6790123984705674e+00	
1.0333333658277436e+01	9.2027903387016630e-01	2.6790123697485266e+00	
1.0333333469291059e+01	9.2027905916973352e-01	2.6790123557460710e+00	
1.0333333385105954e+01	9.2027907043960655e-01	2.6790123495038167e+00	
1.0333333351098334e+01	9.2027907499228667e-01	2.6790123469735119e+00	
1.0333333338758807e+01	9.2027907664433939e-01	2.6790123460397122e+00	
1.0333333334785396e+01	9.2027907717650004e-01	2.6790123457101744e+00	
1.0333333333667689e+01	9.2027907732642289e-01	2.6790123455632804e+00	
1.0333333333398960e+01	9.2027907736268411e-01	2.6790123454250065e+00	
1.0333333333345374e+01	9.2027907737002401e-01	2.6790123452031973e+00	
1.0333333333336242e+01	9.2027907737113501e-01	2.6790123448088590e+00	
1.0333333333333044e+01	9.2027907737098869e-01	2.6790123441123481e+00	
1.0333333333328444e+01	9.2027907737039560e-01	2.6790123428942971e+00	
1.0333333333321239e+01	9.2027907736943182e-01	2.6790123407491966e+00	
