1.0333333333341860e+01	9.2027907736976866e-01	2.6790123456801109e+00	
1.0333333333344131e+01	9.2027907736949477e-01	2.6790123456800625e+00	
1.0333333333352874e+01	9.2027907736834857e-01	2.6790123456805941e+00	
1.0333333333368172e+01	9.2027907736631964e-01	2.6790123456816648e+00	
1.0333333333394918e+01	9.2027907736275361e-01	2.6790123456836121e+00	
1.0333333333441535e+01	9.2027907735652492e-01	2.6790123456870476e+00	
1.0333333333522415e+01	9.2027907734570658e-01	2.6790123456930286e+00	
1.0333333333661990e+01	9.2027907732702841e-01	2.6790123457033626e+00	
1.0333333333901393e+01	9.2027907729498504e-01	2.6790123457210933e+00	
1.0333333334309250e+01	9.2027907724038971e-01	2.6790123457513033e+00	
1.0333333334998963e+01	9.2027907714806123e-01	2.6790123458023927e+00	
1.0333333336156020e+01	9.2027907699316880e-01	2.6790123458880997e+00	
1.0333333338080459e+01	9.2027907673554643e-01	2.6790123460306510e+00	
1.0333333341251926e+01	9.2027907631098438e-01	2.6790123462655742e+00	
1.0333333346427606e+01	9.2027907561811761e-01	2.6790123466489577e+00	
1.0333333354786953e+01	9.2027907449905388e-01	2.6790123472681691e+00	
1.0333333368141279e+01	9.2027907271131282e-01	2.6790123482573787e+00	
1.0333333389230656e+01	9.2027906988808039e-01	2.6790123498195539e+00	
1.0333333422134313e+01	9.2027906548327210e-01	2.6790123522568621e+00	
1.0333333472822552e+01	9.2027905869764359e-01	2.6790123560115466e+00	
1.0333333549876157e+01	9.2027904838248653e-01	2.6790123617192210e+00	
1.0333333665390452e+01	9.2027903291860158e-01	2.6790123702758355e+00	
1.0333333836062236e+01	9.2027901007078994e-01	2.6790123829181893e+00	
1.0333334084425122e+01	9.2027897682248005e-01	2.6790124013154397e+00	
1.0333334440148986e+01	9.2027892920176946e-01	2.6790124276653540e+00	
1.0333334941251215e+01	9.2027886211927790e-01	2.6790124647840354e+00	
1.0333335634983246e+01	9.2027876924946328e-01	2.6790125161715883e+00	
1.0333336578064086e+01	9.2027864299936568e-01	2.6790125860294181e+00	
1.0333337835848504e+01	9.2027847461995982e-01	2.6790126791986153e+00	
1.0333339479966764e+01	9.2027825452212808e-01	2.6790128009851180e+00	
1.0333341583987318e+01	9.2027797285729784e-01	2.6790129568384304e+00	
1.0333344216770103e+01	9.2027762040723748e-01	2.6790131518592735e+00	
1.0333347433427726e+01	9.2027718979408213e-01	2.6790133901300384e+00	
1.0333351264209170e+01	9.2027667696847315e-01	2.6790136738913626e+00	
1.0333355702149149e+01	9.2027608286292828e-01	2.6790140026272629e+00	
1.0333360690925481e+01	9.2027541501736376e-01	2.6790143721656934e+00	
1.0333366114925507e+01	9.2027468890888420e-01	2.6790147739427268e+00	
1.0333371793887945e+01	9.2027392866904800e-01	2.6790151946056691e+00	
1.0333377484487491e+01	9.2027316687171734e-01	2.6790156161304468e+00	
1.0333382890721156e+01	9.2027244314261891e-01	2.6790160165909795e+00	
1.0333387683873561e+01	9.2027180148659571e-01	2.6790163716380890e+00	
1.0333391531251113e+01	9.2027128644098866e-01	2.6790166566279470e+00	
1.0333394131012607e+01	9.2027093841292129e-01	2.6790168492021018e+00	
1.0333395248663866e+01	9.2027078879383162e-01	2.6790169319907484e+00	
1.0333394749586450e+01	9.2027085560492616e-01	2.6790168950222335e+00	
1.0333392621758955e+01	9.2027114045552527e-01	2.6790167374060876e+00	
1.0333388983856553e+01	9.2027162745878366e-01	2.6790164679329855e+00	
1.0333384076142538e+01	9.2027228445099740e-01	2.6790161044000627e+00	
1.0333378234621051e+01	9.2027306645170481e-01	2.6790156716963347e+00	
1.0333371852145484e+01	9.2027392087001703e-01	2.6790151989218796e+00	
1.0333365332790978e+01	9.2027479361269948e-01	2.6790147160080564e+00	
1.0333359047117096e+01	9.2027563507312260e-01	2.6790142504036485e+00	
1.0333353295598464e+01	9.2027640502680053e-01	2.6790138243660229e+00	
1.0333348285563284e+01	9.2027707571866246e-01	2.6790134532528520e+00	
1.0333344123967242e+01	9.2027763283045183e-01	2.6790131449868348e+00	
1.0333340825043525e+01	9.2027807445665710e-01	2.6790129006223400e+00	
1.0333338329144308e+01	9.2027840858222620e-01	2.6790127157410595e+00	
1.0333336527540434e+01	9.2027864976264828e-01	2.6790125822890185e+00	
1.0333335287799930e+01	9.2027881572653047e-01	2.6790124904564645e+00	
1.0333334475430872e+01	9.2027892447826776e-01	2.6790124302810461e+00	
1.0333333969255330e+01	9.2027899223992171e-01	2.6790123927866261e+00	
1.0333333669881206e+01	9.2027903231709685e-01	2.6790123706108320e+00	
1.0333333502156835e+01	9.2027905477033500e-01	2.6790123581868728e+00	
1.0333333413358428e+01	9.2027906665776382e-01	2.6790123516092841e+00	
1.0333333369054705e+01	9.2027907258869390e-01	2.6790123483275994e+00	
1.0333333348290262e+01	9.2027907536842324e-01	2.6790123467895666e+00	
1.0333333339181559e+01	9.2027907658780006e-01	2.6790123461149205e+00	
1.0333333335457512e+01	9.2027907708633305e-01	2.6790123458391313e+00	
1.0333333334045408e+01	9.2027907727536684e-01	2.6790123457345838e+00	
1.0333333333551641e+01	9.2027907734146297e-01	2.6790123456980344e+00	
1.0333333333393496e+01	9.2027907736262915e-01	2.6790123456862895e+00	
1.0333333333347470e+01	9.2027907736878578e-01	2.6790123456827475e+00	
1.0333333333335407e+01	9.2027907737039538e-01	2.6790123456815289e+00	
1.0333333333332588e+01	9.2027907737076775e-01	2.6790123456806443e+00	
1.0333333333332000e+01	9.2027907737084136e-01	2.6790123456792920e+00	
1.0333333333331881e+01	9.2027907737085213e-01	2.6790123456768415e+00	
1.0333333333331844e+01	9.2027907737085124e-01	2.6790123456723709e+00	
1.0333333333331824e+01	9.2027907737084880e-01	2.6790123456642605e+00	
1.0333333333331803e+01	9.2027907737084613e-01	2.6790123456495554e+00	
1.0333333333331783e+01	9.2027907737084336e-01	2.6790123456228891e+00	
1.0333333333331760e+01	9.2027907737084036e-01	2.6790123455746033e+00	
