1.0333333333333314e+01	9.2027907737105308e-01	2.6790123456790091e+00	
1.0333333333333332e+01	9.2027907737105208e-01	2.6790123456790131e+00	
1.0333333333333334e+01	9.2027907737105108e-01	2.6790123456790131e+00	
1.0333333333333336e+01	9.2027907737105075e-01	2.6790123456790109e+00	
1.0333333333333330e+01	9.2027907737105086e-01	2.6790123456790105e+00	
1.0333333333333327e+01	9.2027907737105075e-01	2.6790123456790123e+00	
1.0333333333333327e+01	9.2027907737105041e-01	2.6790123456790127e+00	
1.0333333333333327e+01	9.2027907737105008e-01	2.6790123456790105e+00	
1.0333333333333323e+01	9.2027907737104986e-01	2.6790123456790096e+00	
1.0333333333333325e+01	9.2027907737105019e-01	2.6790123456790131e+00	
1.0333333333333330e+01	9.2027907737105086e-01	2.6790123456790131e+00	
1.0333333333333341e+01	9.2027907737105186e-01	2.6790123456790105e+00	
1.0333333333333355e+01	9.2027907737105374e-01	2.6790123456790118e+00	
1.0333333333333373e+01	9.2027907737105652e-01	2.6790123456790171e+00	
1.0333333333333393e+01	9.2027907737105896e-01	2.6790123456790185e+00	
1.0333333333333405e+01	9.2027907737106018e-01	2.6790123456790154e+00	
1.0333333333333401e+01	9.2027907737106018e-01	2.6790123456790149e+00	
1.0333333333333373e+01	9.2027907737105641e-01	2.6790123456790176e+00	
1.0333333333333307e+01	9.2027907737104764e-01	2.6790123456790127e+00	
1.0333333333333201e+01	9.2027907737103287e-01	2.6790123456790003e+00	
1.0333333333333053e+01	9.2027907737101289e-01	2.6790123456789887e+00	
1.0333333333332888e+01	9.2027907737099035e-01	2.6790123456789825e+00	
1.0333333333332748e+01	9.2027907737097081e-01	2.6790123456789723e+00	
1.0333333333332705e+01	9.2027907737096348e-01	2.6790123456789625e+00	
1.0333333333332853e+01	9.2027907737098058e-01	2.6790123456789727e+00	
1.0333333333333297e+01	9.2027907737103487e-01	2.6790123456790131e+00	
1.0333333333334116e+01	9.2027907737113634e-01	2.6790123456790740e+00	
1.0333333333335341e+01	9.2027907737128489e-01	2.6790123456791579e+00	
1.0333333333336885e+01	9.2027907737146331e-01	2.6790123456792716e+00	
1.0333333333338492e+01	9.2027907737162840e-01	2.6790123456793991e+00	
1.0333333333339718e+01	9.2027907737170189e-01	2.6790123456794901e+00	
1.0333333333339949e+01	9.2027907737157000e-01	2.6790123456794981e+00	
1.0333333333338523e+01	9.2027907737108683e-01	2.6790123456793915e+00	
1.0333333333335000e+01	9.2027907737009085e-01	2.6790123456791410e+00	
1.0333333333329632e+01	9.2027907736843240e-01	2.6790123456787449e+00	
1.0333333333324068e+01	9.2027907736600056e-01	2.6790123456783217e+00	
1.0333333333322324e+01	9.2027907736273584e-01	2.6790123456781902e+00	
1.0333333333332046e+01	9.2027907735858583e-01	2.6790123456789225e+00	
1.0333333333366133e+01	9.2027907735334147e-01	2.6790123456814499e+00	
1.0333333333444850e+01	9.2027907734625281e-01	2.6790123456872661e+00	
1.0333333333599075e+01	9.2027907733526537e-01	2.6790123456986876e+00	
1.0333333333875967e+01	9.2027907731561898e-01	2.6790123457192130e+00	
1.0333333334350094e+01	9.2027907727739966e-01	2.6790123457543378e+00	
1.0333333335145518e+01	9.2027907720137048e-01	2.6790123458132404e+00	
1.0333333336478972e+01	9.2027907705197387e-01	2.6790123459120099e+00	
1.0333333338740953e+01	9.2027907676565257e-01	2.6790123460795816e+00	
1.0333333342643412e+01	9.2027907623126159e-01	2.6790123463686557e+00	
1.0333333349482805e+01	9.2027907525678965e-01	2.6790123468752514e+00	
1.0333333361602204e+01	9.2027907351188398e-01	2.6790123477729675e+00	
1.0333333383192720e+01	9.2027907042782808e-01	2.6790123493722731e+00	
1.0333333421654929e+01	9.2027906502516188e-01	2.6790123522213136e+00	
1.0333333489835313e+01	9.2027905562539680e-01	2.6790123572716631e+00	
1.0333333609532520e+01	9.2027903939104083e-01	2.6790123661380663e+00	
1.0333333816696303e+01	9.2027901163269055e-01	2.6790123814834330e+00	
1.0333334168697002e+01	9.2027896482647287e-01	2.6790124075572552e+00	
1.0333334753950403e+01	9.2027888729707874e-01	2.6790124509086919e+00	
1.0333335704076877e+01	9.2027876153724186e-01	2.6790125212873788e+00	
1.0333337208521721e+01	9.2027856217261916e-01	2.6790126327263803e+00	
1.0333339530536769e+01	9.2027825372667016e-01	2.6790128047258133e+00	
1.0333343020277310e+01	9.2027778877336130e-01	2.6790130632223903e+00	
1.0333348113955207e+01	9.2027710799248952e-01	2.6790134405252752e+00	
1.0333355297671240e+01	9.2027614503835897e-01	2.6790139726352291e+00	
1.0333365005741097e+01	9.2027484032092510e-01	2.6790146917133297e+00	
1.0333377427959157e+01	9.2027316717479102e-01	2.6790156118088420e+00	
1.0333392233666579e+01	9.2027116939105524e-01	2.6790167084276915e+00	
1.0333408288737596e+01	9.2026899989405120e-01	2.6790178975685000e+00	
1.0333423522796544e+01	9.2026693938339266e-01	2.6790190258549793e+00	
1.0333435139461869e+01	9.2026536888935095e-01	2.6790198860207131e+00	
1.0333440279611155e+01	9.2026468113945192e-01	2.6790202659071256e+00	
1.0333437021566407e+01	9.2026514579050145e-01	2.6790200224802811e+00	
1.0333425320841529e+01	9.2026678120376082e-01	2.6790191516276400e+00	
1.0333407353920721e+01	9.2026930407043750e-01	2.6790178141615693e+00	
1.0333386920513933e+01	9.2027220313764935e-01	2.6790162919840199e+00	
1.0333368060066471e+01	9.2027491684849771e-01	2.6790148844858170e+00	
1.0333353551793476e+01	9.2027702694467728e-01	2.6790137925516220e+00	
1.0333344089851234e+01	9.2027836487571946e-01	2.6790130480031626e+00	
1.0333338505029074e+01	9.2027898523770768e-01	2.6790125207072784e+00	
1.0333334742442862e+01	9.2027904971197816e-01	2.6790119947876589e+00	
1.0333330927242452e+01	9.2027871504619985e-01	2.6790112784409974e+00	
1.0333326016644733e+01	9.2027809408311501e-01	2.6790102990345268e+00	
1.0333319998651469e+01	9.2027729225603383e-01	2.6790091171821846e+00	
