1.0333333336703889e+01	9.2027907686152588e-01	2.6790123461276774e+00	
1.0333333337400108e+01	9.2027907677920706e-01	2.6790123460955075e+00	
1.0333333340083824e+01	9.2027907642886164e-01	2.6790123462452451e+00	
1.0333333344319165e+01	9.2027907586917757e-01	2.6790123465304991e+00	
1.0333333350955920e+01	9.2027907498667694e-01	2.6790123470057261e+00	
1.0333333361263078e+01	9.2027907361171624e-01	2.6790123477598682e+00	
1.0333333377110021e+01	9.2027907149423871e-01	2.6790123489284201e+00	
1.0333333401211149e+01	9.2027906827103001e-01	2.6790123507107104e+00	
1.0333333437448282e+01	9.2027906342256760e-01	2.6790123533932788e+00	
1.0333333491284053e+01	9.2027905621768058e-01	2.6790123573801901e+00	
1.0333333570275762e+01	9.2027904564476615e-01	2.6790123632309184e+00	
1.0333333684690897e+01	9.2027903032939251e-01	2.6790123717058334e+00	
1.0333333848211923e+01	9.2027900843995136e-01	2.6790123838183479e+00	
1.0333334078697298e+01	9.2027897758578492e-01	2.6790124008912550e+00	
1.0333334398937463e+01	9.2027893471598143e-01	2.6790124246127021e+00	
1.0333334837309399e+01	9.2027887603175218e-01	2.6790124570846703e+00	
1.0333335428193124e+01	9.2027879693067927e-01	2.6790125008538181e+00	
1.0333336211973213e+01	9.2027869200650914e-01	2.6790125589115874e+00	
1.0333337234415602e+01	9.2027855513258738e-01	2.6790126346480436e+00	
1.0333338545194549e+01	9.2027837965905113e-01	2.6790127317427537e+00	
1.0333340195360089e+01	9.2027815875186691e-01	2.6790128539771962e+00	
1.0333342233594527e+01	9.2027788589397153e-01	2.6790130049574561e+00	
1.0333344701218868e+01	9.2027755555376645e-01	2.6790131877443364e+00	
1.0333347626079835e+01	9.2027716400345960e-01	2.6790134044005409e+00	
1.0333351015669734e+01	9.2027671024010704e-01	2.6790136554810342e+00	
1.0333354850083758e+01	9.2027619692841467e-01	2.6790139395113637e+00	
1.0333359075666291e+01	9.2027563125129874e-01	2.6790142525170206e+00	
1.0333363600389072e+01	9.2027502552859797e-01	2.6790145876810829e+00	
1.0333368292081062e+01	9.2027439745403250e-01	2.6790149352131025e+00	
1.0333372980536902e+01	9.2027376981292652e-01	2.6790152825052926e+00	
1.0333377464230489e+01	9.2027316958346028e-01	2.6790156146298352e+00	
1.0333381521846695e+01	9.2027262639291718e-01	2.6790159151930810e+00	
1.0333384928158692e+01	9.2027217039220255e-01	2.6790161675116471e+00	
1.0333387473010118e+01	9.2027182971472499e-01	2.6790163560184883e+00	
1.0333388981443438e+01	9.2027162778184912e-01	2.6790164677538759e+00	
1.0333389332501218e+01	9.2027158078600491e-01	2.6790164937580658e+00	
1.0333388474058957e+01	9.2027169570504752e-01	2.6790164301700132e+00	
1.0333386431320493e+01	9.2027196916498999e-01	2.6790162788566527e+00	
1.0333383307333392e+01	9.2027238737100303e-01	2.6790160474510776e+00	
1.0333379274976442e+01	9.2027292718002240e-01	2.6790157487590318e+00	
1.0333374561155964e+01	9.2027355821635093e-01	2.6790153995882835e+00	
1.0333369425181663e+01	9.2027424576643824e-01	2.6790150191468545e+00	
1.0333364134226507e+01	9.2027495406403370e-01	2.6790146272252531e+00	
1.0333358939209450e+01	9.2027564951874485e-01	2.6790142424100156e+00	
1.0333354054279170e+01	9.2027630346254563e-01	2.6790138805639887e+00	
1.0333349642355968e+01	9.2027689408529301e-01	2.6790135537553503e+00	
1.0333345808067621e+01	9.2027740738042330e-01	2.6790132697343316e+00	
1.0333342598137719e+01	9.2027783709298550e-01	2.6790130319619734e+00	
1.0333340008119519e+01	9.2027818381819815e-01	2.6790128401089213e+00	
1.0333337993537539e+01	9.2027845350993176e-01	2.6790126908807217e+00	
1.0333336483130465e+01	9.2027865570788936e-01	2.6790125789987815e+00	
1.0333335391991266e+01	9.2027880177853738e-01	2.6790124981737047e+00	
1.0333334632876749e+01	9.2027890340109642e-01	2.6790124419430410e+00	
1.0333334124643558e+01	9.2027897143820836e-01	2.6790124042961758e+00	
1.0333333797480373e+01	9.2027901523550271e-01	2.6790123800619026e+00	
1.0333333595196692e+01	9.2027904231519353e-01	2.6790123650779640e+00	
1.0333333475209667e+01	9.2027905837784030e-01	2.6790123561900749e+00	
1.0333333407023291e+01	9.2027906750594068e-01	2.6790123511392729e+00	
1.0333333369955973e+01	9.2027907246813589e-01	2.6790123483935879e+00	
1.0333333350712785e+01	9.2027907504421713e-01	2.6790123469682103e+00	
1.0333333341190700e+01	9.2027907631893502e-01	2.6790123462629158e+00	
1.0333333336709053e+01	9.2027907691888988e-01	2.6790123459309894e+00	
1.0333333334707492e+01	9.2027907718683610e-01	2.6790123457827750e+00	
1.0333333333861479e+01	9.2027907730008929e-01	2.6790123457201593e+00	
1.0333333333524052e+01	9.2027907734525760e-01	2.6790123456952184e+00	
1.0333333333397487e+01	9.2027907736219816e-01	2.6790123456858992e+00	
1.0333333333353007e+01	9.2027907736815007e-01	2.6790123456826640e+00	
1.0333333333338416e+01	9.2027907737010017e-01	2.6790123456816439e+00	
1.0333333333333972e+01	9.2027907737069237e-01	2.6790123456813784e+00	
1.0333333333332718e+01	9.2027907737085768e-01	2.6790123456813522e+00	
1.0333333333332384e+01	9.2027907737089909e-01	2.6790123456813939e+00	
1.0333333333332300e+01	9.2027907737090753e-01	2.6790123456814552e+00	
1.0333333333332272e+01	9.2027907737090808e-01	2.6790123456815169e+00	
1.0333333333332257e+01	9.2027907737090686e-01	2.6790123456815724e+00	
1.0333333333332245e+01	9.2027907737090542e-01	2.6790123456816111e+00	
1.0333333333332233e+01	9.2027907737090364e-01	2.6790123456816151e+00	
1.0333333333332218e+01	9.2027907737090220e-01	2.6790123456815529e+00	
1.0333333333332208e+01	9.2027907737090031e-01	2.6790123456813699e+00	
1.0333333333332195e+01	9.2027907737089854e-01	2.6790123456809631e+00	
1.0333333333332183e+01	9.2027907737089676e-01	2.6790123456801531e+00	
1.0333333333332169e+01	9.2027907737089487e-01	2.6790123456786121e+00	
