1.0333333333333970e+01	9.2027907737096015e-01	2.6790123456790438e+00	
1.0333333333333531e+01	9.2027907737102521e-01	2.6790123456789425e+00	
1.0333333333333501e+01	9.2027907737104120e-01	2.6790123456790389e+00	
1.0333333333333320e+01	9.2027907737108194e-01	2.6790123456791046e+00	
1.0333333333333398e+01	9.2027907737109149e-01	2.6790123456790012e+00	
1.0333333333333654e+01	9.2027907737107606e-01	2.6790123456789314e+00	
1.0333333333333723e+01	9.2027907737107628e-01	2.6790123456790558e+00	
1.0333333333333554e+01	9.2027907737108861e-01	2.6790123456791450e+00	
1.0333333333333345e+01	9.2027907737107473e-01	2.6790123456789989e+00	
1.0333333333333119e+01	9.2027907737102133e-01	2.6790123456788666e+00	
1.0333333333332693e+01	9.2027907737094850e-01	2.6790123456789781e+00	
1.0333333333332012e+01	9.2027907737087200e-01	2.6790123456790580e+00	
1.0333333333331302e+01	9.2027907737079129e-01	2.6790123456788506e+00	
1.0333333333330849e+01	9.2027907737072279e-01	2.6790123456786681e+00	
1.0333333333330895e+01	9.2027907737071668e-01	2.6790123456788413e+00	
1.0333333333331748e+01	9.2027907737083403e-01	2.6790123456790731e+00	
1.0333333333333826e+01	9.2027907737112213e-01	2.6790123456790416e+00	
1.0333333333337450e+01	9.2027907737160652e-01	2.6790123456791193e+00	
1.0333333333342528e+01	9.2027907737227910e-01	2.6790123456796975e+00	
1.0333333333348385e+01	9.2027907737306169e-01	2.6790123456803476e+00	
1.0333333333353599e+01	9.2027907737376513e-01	2.6790123456805133e+00	
1.0333333333355878e+01	9.2027907737407211e-01	2.6790123456804382e+00	
1.0333333333352087e+01	9.2027907737356118e-01	2.6790123456803974e+00	
1.0333333333338679e+01	9.2027907737176406e-01	2.6790123456796797e+00	
1.0333333333312707e+01	9.2027907736828929e-01	2.6790123456774952e+00	
1.0333333333273304e+01	9.2027907736301606e-01	2.6790123456742649e+00	
1.0333333333223607e+01	9.2027907735636227e-01	2.6790123456708672e+00	
1.0333333333172856e+01	9.2027907734956571e-01	2.6790123456674597e+00	
1.0333333333137995e+01	9.2027907734489878e-01	2.6790123456645687e+00	
1.0333333333143926e+01	9.2027907734569303e-01	2.6790123456646113e+00	
1.0333333333221052e+01	9.2027907735601555e-01	2.6790123456706594e+00	
1.0333333333398983e+01	9.2027907737982972e-01	2.6790123456842867e+00	
1.0333333333695530e+01	9.2027907741952020e-01	2.6790123457058899e+00	
1.0333333334101081e+01	9.2027907747379833e-01	2.6790123457354271e+00	
1.0333333334560134e+01	9.2027907753522775e-01	2.6790123457698245e+00	
1.0333333334954244e+01	9.2027907758794369e-01	2.6790123457995851e+00	
1.0333333335093478e+01	9.2027907760650518e-01	2.6790123458094723e+00	
1.0333333334726200e+01	9.2027907755719485e-01	2.6790123457816279e+00	
1.0333333333578267e+01	9.2027907740325754e-01	2.6790123456970569e+00	
1.0333333331431332e+01	9.2027907711537094e-01	2.6790123455387422e+00	
1.0333333328244009e+01	9.2027907668784048e-01	2.6790123453021457e+00	
1.0333333324307432e+01	9.2027907615937687e-01	2.6790123450097392e+00	
1.0333333320408284e+01	9.2027907563480515e-01	2.6790123447214511e+00	
1.0333333317948073e+01	9.2027907530080277e-01	2.6790123445401197e+00	
1.0333333318942278e+01	9.2027907542536469e-01	2.6790123446131799e+00	
1.0333333325804112e+01	9.2027907632821182e-01	2.6790123451204302e+00	
1.0333333340817680e+01	9.2027907830934574e-01	2.6790123462331432e+00	
1.0333333365239273e+01	9.2027908152734905e-01	2.6790123480432597e+00	
1.0333333398049666e+01	9.2027908582965112e-01	2.6790123504729637e+00	
1.0333333434524825e+01	9.2027909055507218e-01	2.6790123531735373e+00	
1.0333333464994389e+01	9.2027909435421495e-01	2.6790123554312308e+00	
1.0333333474387532e+01	9.2027909510296912e-01	2.6790123561282262e+00	
1.0333333443365666e+01	9.2027909001183950e-01	2.6790123538287647e+00	
1.0333333351923207e+01	9.2027907604654569e-01	2.6790123470519607e+00	
1.0333333186209005e+01	9.2027905075325622e-01	2.6790123347751309e+00	
1.0333332948910373e+01	9.2027901349803531e-01	2.6790123171967779e+00	
1.0333332672812546e+01	9.2027896695909406e-01	2.6790122967431009e+00	
1.0333332436055326e+01	9.2027891844887155e-01	2.6790122792029067e+00	
1.0333332376031921e+01	9.2027888033979677e-01	2.6790122747490779e+00	
1.0333332696632295e+01	9.2027886864245723e-01	2.6790122984616644e+00	
1.0333333660778377e+01	9.2027889879277680e-01	2.6790123697816095e+00	
1.0333335558340323e+01	9.2027897801454295e-01	2.6790125101669413e+00	
1.0333338642195935e+01	9.2027909406316832e-01	2.6790127383926698e+00	
1.0333343037582003e+01	9.2027920033849764e-01	2.6790130638356633e+00	
1.0333348653975154e+01	9.2027919719708962e-01	2.6790134798339325e+00	
1.0333355154254527e+01	9.2027891007427387e-01	2.6790139610791615e+00	
1.0333362033808214e+01	9.2027807005592210e-01	2.6790144690049544e+00	
1.0333368797007234e+01	9.2027631535220067e-01	2.6790149647275330e+00	
1.0333375093210737e+01	9.2027325033607710e-01	2.6790154202059178e+00	
1.0333380591029297e+01	9.2026860617768258e-01	2.6790158116496174e+00	
1.0333384524413399e+01	9.2026251448986929e-01	2.6790160884010028e+00	
1.0333385355220635e+01	9.2025581474079421e-01	2.6790161443420892e+00	
1.0333381585459298e+01	9.2025020437225069e-01	2.6790158598655922e+00	
1.0333374614175005e+01	9.2024801826585223e-01	2.6790152787994690e+00	
1.0333372916941249e+01	9.2025160024901409e-01	2.6790148889605048e+00	
1.0333394283356611e+01	9.2026254416581588e-01	2.6790158222615812e+00	
1.0333461818636907e+01	9.2028122987101657e-01	2.6790197188723690e+00	
1.0333592315187406e+01	9.2030676143466772e-01	2.6790281069389592e+00	
1.0333781201920825e+01	9.2033681817907342e-01	2.6790412909582582e+00	
1.0333991239099987e+01	9.2036678220745105e-01	2.6790566750235496e+00	
1.0334148990569052e+01	9.2038826370248694e-01	2.6790671283071275e+00	
