1.0333333333333329e+01	9.2027907737105141e-01	2.6790123456790114e+00	
1.0333333333333330e+01	9.2027907737105141e-01	2.6790123456790114e+00	
1.0333333333333332e+01	9.2027907737105108e-01	2.6790123456790118e+00	
1.0333333333333332e+01	9.2027907737105119e-01	2.6790123456790118e+00	
1.0333333333333330e+01	9.2027907737105130e-01	2.6790123456790114e+00	
1.0333333333333332e+01	9.2027907737105108e-01	2.6790123456790109e+00	
1.0333333333333334e+01	9.2027907737105097e-01	2.6790123456790114e+00	
1.0333333333333336e+01	9.2027907737105086e-01	2.6790123456790118e+00	
1.0333333333333332e+01	9.2027907737105097e-01	2.6790123456790109e+00	
1.0333333333333332e+01	9.2027907737105086e-01	2.6790123456790118e+00	
1.0333333333333334e+01	9.2027907737105097e-01	2.6790123456790123e+00	
1.0333333333333336e+01	9.2027907737105075e-01	2.6790123456790118e+00	
1.0333333333333336e+01	9.2027907737105041e-01	2.6790123456790118e+00	
1.0333333333333343e+01	9.2027907737104975e-01	2.6790123456790123e+00	
1.0333333333333348e+01	9.2027907737104886e-01	2.6790123456790123e+00	
1.0333333333333361e+01	9.2027907737104697e-01	2.6790123456790136e+00	
1.0333333333333384e+01	9.2027907737104442e-01	2.6790123456790158e+00	
1.0333333333333419e+01	9.2027907737103898e-01	2.6790123456790176e+00	
1.0333333333333492e+01	9.2027907737102954e-01	2.6790123456790234e+00	
1.0333333333333622e+01	9.2027907737101244e-01	2.6790123456790345e+00	
1.0333333333333846e+01	9.2027907737098202e-01	2.6790123456790500e+00	
1.0333333333334256e+01	9.2027907737092740e-01	2.6790123456790811e+00	
1.0333333333334988e+01	9.2027907737082915e-01	2.6790123456791348e+00	
1.0333333333336308e+01	9.2027907737065262e-01	2.6790123456792330e+00	
1.0333333333338677e+01	9.2027907737033565e-01	2.6790123456794084e+00	
1.0333333333342930e+01	9.2027907736976655e-01	2.6790123456797237e+00	
1.0333333333350565e+01	9.2027907736874481e-01	2.6790123456802890e+00	
1.0333333333364276e+01	9.2027907736690984e-01	2.6790123456813042e+00	
1.0333333333388884e+01	9.2027907736361636e-01	2.6790123456831272e+00	
1.0333333333433032e+01	9.2027907735770675e-01	2.6790123456863970e+00	
1.0333333333512186e+01	9.2027907734710990e-01	2.6790123456922599e+00	
1.0333333333653995e+01	9.2027907732812531e-01	2.6790123457027648e+00	
1.0333333333907735e+01	9.2027907729415515e-01	2.6790123457215604e+00	
1.0333333334360995e+01	9.2027907723347313e-01	2.6790123457551354e+00	
1.0333333335168822e+01	9.2027907712532464e-01	2.6790123458149746e+00	
1.0333333336604142e+01	9.2027907693317290e-01	2.6790123459212944e+00	
1.0333333339144216e+01	9.2027907659312846e-01	2.6790123461094484e+00	
1.0333333343616756e+01	9.2027907599438830e-01	2.6790123464407474e+00	
1.0333333351443144e+01	9.2027907494667571e-01	2.6790123470204796e+00	
1.0333333365035857e+01	9.2027907312703505e-01	2.6790123480273476e+00	
1.0333333388433962e+01	9.2027906999476083e-01	2.6790123497605411e+00	
1.0333333428293885e+01	9.2027906465875720e-01	2.6790123527131282e+00	
1.0333333495389772e+01	9.2027905567668722e-01	2.6790123576831930e+00	
1.0333333606810282e+01	9.2027904076088418e-01	2.6790123659365643e+00	
1.0333333789051661e+01	9.2027901636428122e-01	2.6790123794359251e+00	
1.0333334082173273e+01	9.2027897712411155e-01	2.6790124011486367e+00	
1.0333334545060273e+01	9.2027891515739835e-01	2.6790124354365612e+00	
1.0333335261568935e+01	9.2027881923828769e-01	2.6790124885112725e+00	
1.0333336346839928e+01	9.2027867395290730e-01	2.6790125689017072e+00	
1.0333337952285769e+01	9.2027845903171557e-01	2.6790126878236005e+00	
1.0333340266681429e+01	9.2027814920353135e-01	2.6790128592602684e+00	
1.0333343509554025e+01	9.2027771508048684e-01	2.6790130994729502e+00	
1.0333347912096633e+01	9.2027712571312015e-01	2.6790134255870091e+00	
1.0333353680905798e+01	9.2027635344483816e-01	2.6790138529058063e+00	
1.0333360942042557e+01	9.2027538140042464e-01	2.6790143907670707e+00	
1.0333369668242716e+01	9.2027421323027492e-01	2.6790150371510708e+00	
1.0333379600718164e+01	9.2027288357861936e-01	2.6790157728881567e+00	
1.0333390187275995e+01	9.2027146636717005e-01	2.6790165570750637e+00	
1.0333400566435616e+01	9.2027007692098806e-01	2.6790173258985122e+00	
1.0333409627034385e+01	9.2026886398884089e-01	2.6790179970505328e+00	
1.0333416159190044e+01	9.2026798953400502e-01	2.6790184809108450e+00	
1.0333419084418308e+01	9.2026759792913004e-01	2.6790186975923951e+00	
1.0333417716851216e+01	9.2026778098818085e-01	2.6790185962904154e+00	
1.0333411978469309e+01	9.2026854915479761e-01	2.6790181712249970e+00	
1.0333402486548268e+01	9.2026981979714784e-01	2.6790174681181917e+00	
1.0333390461944587e+01	9.2027142948658935e-01	2.6790165774003332e+00	
1.0333377467187201e+01	9.2027316905966372e-01	2.6790156148098760e+00	
1.0333365050171105e+01	9.2027483131651133e-01	2.6790146950007672e+00	
1.0333354410248635e+01	9.2027625571984328e-01	2.6790139068071768e+00	
1.0333346195305904e+01	9.2027735555696699e-01	2.6790132982057382e+00	
1.0333340482295025e+01	9.2027812053963587e-01	2.6790128748581301e+00	
1.0333336917513803e+01	9.2027859801519474e-01	2.6790126104774714e+00	
1.0333334935546963e+01	9.2027886364487543e-01	2.6790124630210799e+00	
1.0333333963497688e+01	9.2027899405144165e-01	2.6790123898105800e+00	
1.0333333548502377e+01	9.2027904974156050e-01	2.6790123569894519e+00	
1.0333333396388889e+01	9.2027906993432662e-01	2.6790123423526055e+00	
1.0333333348020572e+01	9.2027907575009782e-01	2.6790123333139886e+00	
1.0333333332026621e+01	9.2027907658560415e-01	2.6790123225578446e+00	
1.0333333322505519e+01	9.2027907585186475e-01	2.6790123032687139e+00	
1.0333333312677061e+01	9.2027907460178704e-01	2.6790122650751913e+00	
1.0333333302701563e+01	9.2027907327037739e-01	2.6790121917595067e+00	
