1.0333333333333396e+01	9.2027907737104120e-01	2.6790123456790202e+00	
1.0333333333333425e+01	9.2027907737103842e-01	2.6790123456790211e+00	
1.0333333333333494e+01	9.2027907737102854e-01	2.6790123456790247e+00	
1.0333333333333627e+01	9.2027907737101111e-01	2.6790123456790340e+00	
1.0333333333333862e+01	9.2027907737097958e-01	2.6790123456790513e+00	
1.0333333333334283e+01	9.2027907737092340e-01	2.6790123456790820e+00	
1.0333333333335039e+01	9.2027907737082226e-01	2.6790123456791379e+00	
1.0333333333336395e+01	9.2027907737064130e-01	2.6790123456792392e+00	
1.0333333333338810e+01	9.2027907737031767e-01	2.6790123456794177e+00	
1.0333333333343131e+01	9.2027907736973924e-01	2.6790123456797370e+00	
1.0333333333350835e+01	9.2027907736870806e-01	2.6790123456803081e+00	
1.0333333333364545e+01	9.2027907736687276e-01	2.6790123456813233e+00	
1.0333333333388881e+01	9.2027907736361492e-01	2.6790123456831263e+00	
1.0333333333431947e+01	9.2027907735784953e-01	2.6790123456863166e+00	
1.0333333333507886e+01	9.2027907734768366e-01	2.6790123456919419e+00	
1.0333333333641219e+01	9.2027907732983449e-01	2.6790123457018189e+00	
1.0333333333874185e+01	9.2027907729864733e-01	2.6790123457190749e+00	
1.0333333334278974e+01	9.2027907724445812e-01	2.6790123457490593e+00	
1.0333333334977882e+01	9.2027907715089552e-01	2.6790123458008304e+00	
1.0333333336176114e+01	9.2027907699048828e-01	2.6790123458895883e+00	
1.0333333338214391e+01	9.2027907671762443e-01	2.6790123460405715e+00	
1.0333333341651933e+01	9.2027907625744065e-01	2.6790123462952038e+00	
1.0333333347395174e+01	9.2027907548859411e-01	2.6790123467206288e+00	
1.0333333356893529e+01	9.2027907421705013e-01	2.6790123474242109e+00	
1.0333333372431092e+01	9.2027907213703841e-01	2.6790123485751414e+00	
1.0333333397551081e+01	9.2027906877422838e-01	2.6790123504358818e+00	
1.0333333437657757e+01	9.2027906340515209e-01	2.6790123534067467e+00	
1.0333333500845193e+01	9.2027905494625717e-01	2.6790123580872973e+00	
1.0333333599000410e+01	9.2027904180622955e-01	2.6790123653580546e+00	
1.0333333749213878e+01	9.2027902169716991e-01	2.6790123764849780e+00	
1.0333333975496194e+01	9.2027899140478298e-01	2.6790123932466310e+00	
1.0333334310736921e+01	9.2027894652614728e-01	2.6790124180792767e+00	
1.0333334798743119e+01	9.2027888119681855e-01	2.6790124542278813e+00	
1.0333335496056854e+01	9.2027878784752071e-01	2.6790125058807464e+00	
1.0333336473078864e+01	9.2027865705372203e-01	2.6790125782527379e+00	
1.0333337813839556e+01	9.2027847756629377e-01	2.6790126775683261e+00	
1.0333339613599788e+01	9.2027823663269892e-01	2.6790128108838616e+00	
1.0333341973396525e+01	9.2027792072716663e-01	2.6790129856835501e+00	
1.0333344990756380e+01	9.2027751679387593e-01	2.6790132091915635e+00	
1.0333348746170930e+01	9.2027701405750795e-01	2.6790134873702085e+00	
1.0333353285626398e+01	9.2027640636199382e-01	2.6790138236258283e+00	
1.0333358600507685e+01	9.2027569486075111e-01	2.6790142173202161e+00	
1.0333364607447837e+01	9.2027489071421364e-01	2.6790146622779902e+00	
1.0333371131927940e+01	9.2027401728527281e-01	2.6790151455717868e+00	
1.0333377900278867e+01	9.2027311120996425e-01	2.6790156469298188e+00	
1.0333384544756116e+01	9.2027222171804857e-01	2.6790161391118086e+00	
1.0333390625170573e+01	9.2027140773728899e-01	2.6790165895112854e+00	
1.0333395668002051e+01	9.2027073265733805e-01	2.6790169630528768e+00	
1.0333399220228591e+01	9.2027025712368915e-01	2.6790172261796381e+00	
1.0333400910966764e+01	9.2027003078600800e-01	2.6790173514189490e+00	
1.0333400510528207e+01	9.2027008439237090e-01	2.6790173217570090e+00	
1.0333397974879148e+01	9.2027042383756608e-01	2.6790171339320827e+00	
1.0333393464694639e+01	9.2027102761232515e-01	2.6790167998459071e+00	
1.0333387332477621e+01	9.2027184852762489e-01	2.6790163456095772e+00	
1.0333380077844501e+01	9.2027281970046293e-01	2.6790158082314295e+00	
1.0333372278429191e+01	9.2027386380357368e-01	2.6790152304988974e+00	
1.0333364509810384e+01	9.2027490378464583e-01	2.6790146550472604e+00	
1.0333357270533035e+01	9.2027587290364876e-01	2.6790141188057039e+00	
1.0333350926731026e+01	9.2027672214622569e-01	2.6790136488952747e+00	
1.0333345685486599e+01	9.2027742379013999e-01	2.6790132606554775e+00	
1.0333341598578482e+01	9.2027797090359020e-01	2.6790129579218660e+00	
1.0333338591033105e+01	9.2027837352311725e-01	2.6790127351409248e+00	
1.0333336504042176e+01	9.2027865290825406e-01	2.6790125805491334e+00	
1.0333335140496590e+01	9.2027883544590428e-01	2.6790124795458463e+00	
1.0333334303440877e+01	9.2027894750244055e-01	2.6790124175417813e+00	
1.0333333821911738e+01	9.2027901196468354e-01	2.6790123818729823e+00	
1.0333333563170285e+01	9.2027904660236659e-01	2.6790123627069136e+00	
1.0333333433811578e+01	9.2027906391959702e-01	2.6790123531246413e+00	
1.0333333373915149e+01	9.2027907193791925e-01	2.6790123486875115e+00	
1.0333333348371150e+01	9.2027907535748443e-01	2.6790123467946150e+00	
1.0333333338403373e+01	9.2027907669186015e-01	2.6790123460547917e+00	
1.0333333334872540e+01	9.2027907716452018e-01	2.6790123457904875e+00	
1.0333333333748167e+01	9.2027907731502356e-01	2.6790123457021657e+00	
1.0333333333430131e+01	9.2027907735757986e-01	2.6790123456695802e+00	
1.0333333333351415e+01	9.2027907736809722e-01	2.6790123456476018e+00	
1.0333333333334679e+01	9.2027907737031900e-01	2.6790123456172403e+00	
1.0333333333331694e+01	9.2027907737070747e-01	2.6790123455639776e+00	
1.0333333333331288e+01	9.2027907737076464e-01	2.6790123454670449e+00	
1.0333333333331337e+01	9.2027907737078285e-01	2.6790123452912016e+00	
1.0333333333331526e+01	9.2027907737080938e-01	2.6790123449760292e+00	
1.0333333333331826e+01	9.2027907737084935e-01	2.6790123444169200e+00	
