1.0333339160495848e+01	9.2027818110089155e-01	2.6790132176339245e+00	
1.0333339552710639e+01	9.2027813866344033e-01	2.6790131419779537e+00	
1.0333341227491202e+01	9.2027792385169949e-01	2.6790131828388173e+00	
1.0333343182854069e+01	9.2027767082514167e-01	2.6790132626463126e+00	
1.0333345430863963e+01	9.2027737799430109e-01	2.6790133791215633e+00	
1.0333347972902530e+01	9.2027704520106146e-01	2.6790135294910962e+00	
1.0333350796844959e+01	9.2027667409631875e-01	2.6790137103423675e+00	
1.0333353874562304e+01	9.2027626847405819e-01	2.6790139174600389e+00	
1.0333357160069010e+01	9.2027583451907236e-01	2.6790141456787762e+00	
1.0333360588647961e+01	9.2027538092384586e-01	2.6790143887880911e+00	
1.0333364077259571e+01	9.2027491883355961e-01	2.6790146395209824e+00	
1.0333367526470575e+01	9.2027446158768000e-01	2.6790148896507517e+00	
1.0333370824021065e+01	9.2027402424226101e-01	2.6790151302096459e+00	
1.0333373849990789e+01	9.2027362287817660e-01	2.6790153518295434e+00	
1.0333376483341521e+01	9.2027327372516388e-01	2.6790155451898126e+00	
1.0333378609422503e+01	9.2027299215696456e-01	2.6790157015423950e+00	
1.0333380127856259e+01	9.2027279163557030e-01	2.6790158132708588e+00	
1.0333380960100715e+01	9.2027268269882057e-01	2.6790158744307688e+00	
1.0333381055934881e+01	9.2027267209211794e-01	2.6790158812148825e+00	
1.0333380398156844e+01	9.2027276213947806e-01	2.6790158322897155e+00	
1.0333379004918925e+01	9.2027295043090052e-01	2.6790157289600862e+00	
1.0333376929346743e+01	9.2027322987335192e-01	2.6790155751348275e+00	
1.0333374256371739e+01	9.2027358911478696e-01	2.6790153770878402e+00	
1.0333371097014869e+01	9.2027401330939507e-01	2.6790151430316671e+00	
1.0333367580649202e+01	9.2027448515340993e-01	2.6790148825422868e+00	
1.0333363845999264e+01	9.2027498609004699e-01	2.6790146058910085e+00	
1.0333360031769779e+01	9.2027549756406057e-01	2.6790143233493779e+00	
1.0333356267816280e+01	9.2027600220377037e-01	2.6790140445345356e+00	
1.0333352667672511e+01	9.2027648482146474e-01	2.6790137778552925e+00	
1.0333349323051534e+01	9.2027693314959069e-01	2.6790135301045490e+00	
1.0333346300671517e+01	9.2027733826574265e-01	2.6790133062240002e+00	
1.0333343641465527e+01	9.2027769469851006e-01	2.6790131092455001e+00	
1.0333341361961073e+01	9.2027800024285478e-01	2.6790129403931813e+00	
1.0333339457397903e+01	9.2027825554279552e-01	2.6790127993143642e+00	
1.0333337906016684e+01	9.2027846351733411e-01	2.6790126843972102e+00	
1.0333336673907146e+01	9.2027862871149280e-01	2.6790125931298294e+00	
1.0333335719845129e+01	9.2027875664882663e-01	2.6790125224585704e+00	
1.0333334999655568e+01	9.2027885324740144e-01	2.6790124691112021e+00	
1.0333334469785248e+01	9.2027892434155445e-01	2.6790124298615581e+00	
1.0333334089927172e+01	9.2027897533061254e-01	2.6790124017239352e+00	
1.0333333824682089e+01	9.2027901095650555e-01	2.6790123820761633e+00	
1.0333333644354667e+01	9.2027903519722054e-01	2.6790123687185901e+00	
1.0333333525053057e+01	9.2027905125351095e-01	2.6790123598814493e+00	
1.0333333448291146e+01	9.2027906160217121e-01	2.6790123541953972e+00	
1.0333333400289117e+01	9.2027906808970827e-01	2.6790123506397068e+00	
1.0333333371139920e+01	9.2027907204394965e-01	2.6790123484805237e+00	
1.0333333353968861e+01	9.2027907438657619e-01	2.6790123472086105e+00	
1.0333333344169862e+01	9.2027907573538781e-01	2.6790123464827760e+00	
1.0333333338762902e+01	9.2027907649034668e-01	2.6790123460822781e+00	
1.0333333335886458e+01	9.2027907690153787e-01	2.6790123458692268e+00	
1.0333333334418192e+01	9.2027907711997026e-01	2.6790123457604849e+00	
1.0333333333705372e+01	9.2027907723367919e-01	2.6790123457077035e+00	
1.0333333333382091e+01	9.2027907729220715e-01	2.6790123456837769e+00	
1.0333333333250915e+01	9.2027907732246350e-01	2.6790123456740811e+00	
1.0333333333209479e+01	9.2027907733855918e-01	2.6790123456710337e+00	
1.0333333333206935e+01	9.2027907734764680e-01	2.6790123456708668e+00	
1.0333333333219235e+01	9.2027907735324022e-01	2.6790123456718011e+00	
1.0333333333235650e+01	9.2027907735702319e-01	2.6790123456730406e+00	
1.0333333333251790e+01	9.2027907735979375e-01	2.6790123456742605e+00	
1.0333333333266111e+01	9.2027907736193504e-01	2.6790123456753467e+00	
1.0333333333278269e+01	9.2027907736364145e-01	2.6790123456762736e+00	
1.0333333333288378e+01	9.2027907736502124e-01	2.6790123456770489e+00	
1.0333333333296704e+01	9.2027907736614423e-01	2.6790123456776938e+00	
1.0333333333303523e+01	9.2027907736705916e-01	2.6790123456782280e+00	
1.0333333333309088e+01	9.2027907736780479e-01	2.6790123456786699e+00	
1.0333333333313618e+01	9.2027907736841208e-01	2.6790123456790362e+00	
1.0333333333317302e+01	9.2027907736890513e-01	2.6790123456793409e+00	
1.0333333333320292e+01	9.2027907736930514e-01	2.6790123456795958e+00	
1.0333333333322711e+01	9.2027907736962933e-01	2.6790123456798094e+00	
1.0333333333324665e+01	9.2027907736989134e-01	2.6790123456799897e+00	
1.0333333333326246e+01	9.2027907737010262e-01	2.6790123456801442e+00	
1.0333333333327520e+01	9.2027907737027292e-01	2.6790123456802770e+00	
1.0333333333328543e+01	9.2027907737040970e-01	2.6790123456803929e+00	
1.0333333333329364e+01	9.2027907737051973e-01	2.6790123456804951e+00	
1.0333333333330021e+01	9.2027907737060788e-01	2.6790123456805874e+00	
1.0333333333330550e+01	9.2027907737067827e-01	2.6790123456806723e+00	
1.0333333333330971e+01	9.2027907737073456e-01	2.6790123456807509e+00	
1.0333333333331304e+01	9.2027907737077930e-01	2.6790123456808246e+00	
1.0333333333331570e+01	9.2027907737081505e-01	2.6790123456808952e+00	
1.0333333333331781e+01	9.2027907737084347e-01	2.6790123456809645e+00	
1.0333333333331947e+01	9.2027907737086556e-01	2.6790123456810311e+00	
