1.0333334082267193e+01	9.2027896296149192e-01	2.6790124526979855e+00	
1.0333334166418478e+01	9.2027895345638222e-01	2.6790124427236344e+00	
1.0333334504864752e+01	9.2027890971288184e-01	2.6790124563866504e+00	
1.0333334949473599e+01	9.2027885157996359e-01	2.6790124814030447e+00	
1.0333335526738844e+01	9.2027877552811665e-01	2.6790125187413008e+00	
1.0333336266675131e+01	9.2027867755523463e-01	2.6790125698862925e+00	
1.0333337202162774e+01	9.2027855327436137e-01	2.6790126367353428e+00	
1.0333338367786549e+01	9.2027839806918454e-01	2.6790127214648773e+00	
1.0333339798085811e+01	9.2027820732834675e-01	2.6790128263620230e+00	
1.0333341525171015e+01	9.2027797676457279e-01	2.6790129536173248e+00	
1.0333343575721473e+01	9.2027770281664223e-01	2.6790131050787385e+00	
1.0333345967459550e+01	9.2027738312144380e-01	2.6790132819727512e+00	
1.0333348705294163e+01	9.2027701703030884e-01	2.6790134846057634e+00	
1.0333351777431362e+01	9.2027660612974405e-01	2.6790137120666988e+00	
1.0333355151848860e+01	9.2027615471344315e-01	2.6790139619593369e+00	
1.0333358773606449e+01	9.2027567014239497e-01	2.6790142301985882e+00	
1.0333362563495880e+01	9.2027516302567591e-01	2.6790145109074368e+00	
1.0333366418503612e+01	9.2027464715855223e-01	2.6790147964491871e+00	
1.0333370214454826e+01	9.2027413916857026e-01	2.6790150776219761e+00	
1.0333373811023849e+01	9.2027365784486526e-01	2.6790153440290561e+00	
1.0333377059043604e+01	9.2027322315969129e-01	2.6790155846196742e+00	
1.0333379809749600e+01	9.2027285503098488e-01	2.6790157883734649e+00	
1.0333381925289199e+01	9.2027257191554135e-01	2.6790159450786870e+00	
1.0333383289562418e+01	9.2027238935781697e-01	2.6790160461351076e+00	
1.0333383818285270e+01	9.2027231864279813e-01	2.6790160852993403e+00	
1.0333383467124003e+01	9.2027236570712212e-01	2.6790160592873300e+00	
1.0333382236863937e+01	9.2027253044716195e-01	2.6790159681571906e+00	
1.0333380174852405e+01	9.2027280652588683e-01	2.6790158154160761e+00	
1.0333377372364200e+01	9.2027318172556549e-01	2.6790156078250180e+00	
1.0333373958026970e+01	9.2027363882791358e-01	2.6790153549119204e+00	
1.0333370087940105e+01	9.2027415693687831e-01	2.6790150682396336e+00	
1.0333365933544638e+01	9.2027471310249231e-01	2.6790147605074295e+00	
1.0333361668582485e+01	9.2027528406663872e-01	2.6790144445850310e+00	
1.0333357456573061e+01	9.2027584793956219e-01	2.6790141325849555e+00	
1.0333353440119090e+01	9.2027638563150960e-01	2.6790138350703532e+00	
1.0333349733053705e+01	9.2027688190401535e-01	2.6790135604733099e+00	
1.0333346416012171e+01	9.2027732596272860e-01	2.6790133147668196e+00	
1.0333343535530179e+01	9.2027771157814475e-01	2.6790131013979881e+00	
1.0333341106317695e+01	9.2027803678122144e-01	2.6790129214564620e+00	
1.0333339116003772e+01	9.2027830322820270e-01	2.6790127740258947e+00	
1.0333337531439771e+01	9.2027851535681582e-01	2.6790126566508450e+00	
1.0333336305601508e+01	9.2027867946228903e-01	2.6790125658480535e+00	
1.0333335384229203e+01	9.2027880280846375e-01	2.6790124975982845e+00	
1.0333334711548492e+01	9.2027889286192643e-01	2.6790124477701087e+00	
1.0333334234673746e+01	9.2027895670253756e-01	2.6790124124460748e+00	
1.0333333906554412e+01	9.2027900062900803e-01	2.6790123881409604e+00	
1.0333333687543348e+01	9.2027902994894351e-01	2.6790123719179397e+00	
1.0333333545818071e+01	9.2027904892245738e-01	2.6790123614197916e+00	
1.0333333456962935e+01	9.2027906081810296e-01	2.6790123548379507e+00	
1.0333333403031085e+01	9.2027906803845105e-01	2.6790123508430210e+00	
1.0333333371366392e+01	9.2027907227780026e-01	2.6790123484975110e+00	
1.0333333353399341e+01	9.2027907468336845e-01	2.6790123471666418e+00	
1.0333333343556584e+01	9.2027907600127412e-01	2.6790123464375730e+00	
1.0333333338356365e+01	9.2027907669763243e-01	2.6790123460523967e+00	
1.0333333335709852e+01	9.2027907705208434e-01	2.6790123458563841e+00	
1.0333333334414160e+01	9.2027907722566948e-01	2.6790123457604342e+00	
1.0333333333804793e+01	9.2027907730734904e-01	2.6790123457153232e+00	
1.0333333333529943e+01	9.2027907734422509e-01	2.6790123456949919e+00	
1.0333333333411279e+01	9.2027907736017578e-01	2.6790123456862318e+00	
1.0333333333362351e+01	9.2027907736677717e-01	2.6790123456826382e+00	
1.0333333333343143e+01	9.2027907736938863e-01	2.6790123456812469e+00	
1.0333333333336000e+01	9.2027907737037673e-01	2.6790123456807513e+00	
1.0333333333333504e+01	9.2027907737073533e-01	2.6790123456806003e+00	
1.0333333333332705e+01	9.2027907737086179e-01	2.6790123456805763e+00	
1.0333333333332481e+01	9.2027907737090631e-01	2.6790123456805963e+00	
1.0333333333332440e+01	9.2027907737092307e-01	2.6790123456806323e+00	
1.0333333333332449e+01	9.2027907737093040e-01	2.6790123456806727e+00	
1.0333333333332465e+01	9.2027907737093451e-01	2.6790123456807149e+00	
1.0333333333332483e+01	9.2027907737093706e-01	2.6790123456807593e+00	
1.0333333333332494e+01	9.2027907737093850e-01	2.6790123456808046e+00	
1.0333333333332499e+01	9.2027907737093984e-01	2.6790123456808512e+00	
1.0333333333332506e+01	9.2027907737094028e-01	2.6790123456809010e+00	
1.0333333333332508e+01	9.2027907737094028e-01	2.6790123456809511e+00	
1.0333333333332508e+01	9.2027907737094050e-01	2.6790123456810044e+00	
1.0333333333332506e+01	9.2027907737094028e-01	2.6790123456810591e+00	
1.0333333333332503e+01	9.2027907737093984e-01	2.6790123456811163e+00	
1.0333333333332497e+01	9.2027907737093939e-01	2.6790123456811745e+00	
1.0333333333332494e+01	9.2027907737093850e-01	2.6790123456812345e+00	
1.0333333333332488e+01	9.2027907737093773e-01	2.6790123456812940e+00	
1.0333333333332481e+01	9.2027907737093695e-01	2.6790123456813517e+00	
1.0333333333332476e+01	9.2027907737093606e-01	2.6790123456814032e+00	
