1.0333333333360798e+01	9.2027907736691761e-01	2.6790123456825623e+00	
1.0333333333367914e+01	9.2027907736606240e-01	2.6790123456823922e+00	
1.0333333333395327e+01	9.2027907736247005e-01	2.6790123456840456e+00	
1.0333333333442690e+01	9.2027907735619008e-01	2.6790123456873496e+00	
1.0333333333524349e+01	9.2027907734530612e-01	2.6790123456932884e+00	
1.0333333333664511e+01	9.2027907732658032e-01	2.6790123457036121e+00	
1.0333333333903671e+01	9.2027907729459346e-01	2.6790123457212958e+00	
1.0333333334309025e+01	9.2027907724035196e-01	2.6790123457513046e+00	
1.0333333334990954e+01	9.2027907714908042e-01	2.6790123458018087e+00	
1.0333333336128915e+01	9.2027907699675571e-01	2.6790123458860973e+00	
1.0333333338011482e+01	9.2027907674474774e-01	2.6790123460255439e+00	
1.0333333341097216e+01	9.2027907633166972e-01	2.6790123462541158e+00	
1.0333333346105777e+01	9.2027907566118095e-01	2.6790123466251190e+00	
1.0333333354151710e+01	9.2027907458407809e-01	2.6790123472211143e+00	
1.0333333366937049e+01	9.2027907287251032e-01	2.6790123481681754e+00	
1.0333333387022668e+01	9.2027907018365407e-01	2.6790123496559994e+00	
1.0333333418201399e+01	9.2027906600976350e-01	2.6790123519655351e+00	
1.0333333465997583e+01	9.2027905961129575e-01	2.6790123555059933e+00	
1.0333333538315671e+01	9.2027904993008292e-01	2.6790123608628886e+00	
1.0333333646252983e+01	9.2027903548052881e-01	2.6790123688582450e+00	
1.0333333805075375e+01	9.2027901421899450e-01	2.6790123806228663e+00	
1.0333334035326784e+01	9.2027898339526626e-01	2.6790123976785263e+00	
1.0333334364001358e+01	9.2027893939564154e-01	2.6790124220247895e+00	
1.0333334825649308e+01	9.2027887759488891e-01	2.6790124562209323e+00	
1.0333335463216407e+01	9.2027879224386566e-01	2.6790125034481203e+00	
1.0333336328338790e+01	9.2027867643005379e-01	2.6790125675312515e+00	
1.0333337480741815e+01	9.2027852215803485e-01	2.6790126528944218e+00	
1.0333338986344527e+01	9.2027832060324899e-01	2.6790127644205191e+00	
1.0333340913675400e+01	9.2027806259182099e-01	2.6790129071857178e+00	
1.0333343328290447e+01	9.2027773934780743e-01	2.6790130860460035e+00	
1.0333346285078195e+01	9.2027734352333546e-01	2.6790133050671749e+00	
1.0333349818651437e+01	9.2027687048485241e-01	2.6790135668131163e+00	
1.0333353932455079e+01	9.2027631977125790e-01	2.6790138715389760e+00	
1.0333358587719484e+01	9.2027569657270736e-01	2.6790142163728983e+00	
1.0333363693877722e+01	9.2027501301343895e-01	2.6790145946061941e+00	
1.0333369102424690e+01	9.2027428897383312e-01	2.6790149952384734e+00	
1.0333374606288343e+01	9.2027355217456064e-01	2.6790154029310771e+00	
1.0333379946482202e+01	9.2027283728599729e-01	2.6790157984998677e+00	
1.0333384827039790e+01	9.2027218392894472e-01	2.6790161600214866e+00	
1.0333388938017201e+01	9.2027163359529351e-01	2.6790164645372467e+00	
1.0333391984834494e+01	9.2027122572013043e-01	2.6790166902265504e+00	
1.0333393720680149e+01	9.2027099334381091e-01	2.6790168188071957e+00	
1.0333393977481357e+01	9.2027095896603373e-01	2.6790168378294448e+00	
1.0333392690410291e+01	9.2027113126523363e-01	2.6790167424912745e+00	
1.0333389911321005e+01	9.2027150329981156e-01	2.6790165366336907e+00	
1.0333385807964460e+01	9.2027205261319933e-01	2.6790162326825868e+00	
1.0333380648124507e+01	9.2027274335752374e-01	2.6790158504736521e+00	
1.0333374770517930e+01	9.2027353018914415e-01	2.6790154150968548e+00	
1.0333368546807336e+01	9.2027436335391477e-01	2.6790149540826143e+00	
1.0333362340779185e+01	9.2027519415197512e-01	2.6790144943779786e+00	
1.0333356471199856e+01	9.2027597991018417e-01	2.6790140595952270e+00	
1.0333351183948977e+01	9.2027668771264770e-01	2.6790136679476699e+00	
1.0333346636969203e+01	9.2027729641552181e-01	2.6790133311348008e+00	
1.0333342898895825e+01	9.2027779683050193e-01	2.6790130542407660e+00	
1.0333339959611413e+01	9.2027819031190561e-01	2.6790128365161778e+00	
1.0333337749027256e+01	9.2027848624241837e-01	2.6790126727693218e+00	
1.0333336159508104e+01	9.2027869903110082e-01	2.6790125550272452e+00	
1.0333335067588637e+01	9.2027884520620606e-01	2.6790124741443884e+00	
1.0333334351734491e+01	9.2027894103750552e-01	2.6790124211182147e+00	
1.0333333904443192e+01	9.2027900091633430e-01	2.6790123879855847e+00	
1.0333333638496661e+01	9.2027903651856224e-01	2.6790123682859019e+00	
1.0333333488312794e+01	9.2027905662365528e-01	2.6790123571612323e+00	
1.0333333407934512e+01	9.2027906738388365e-01	2.6790123512073509e+00	
1.0333333367265354e+01	9.2027907282825538e-01	2.6790123481948873e+00	
1.0333333347866592e+01	9.2027907542516119e-01	2.6790123467580109e+00	
1.0333333339171757e+01	9.2027907658913377e-01	2.6790123461140207e+00	
1.0333333335523216e+01	9.2027907707755985e-01	2.6790123458438315e+00	
1.0333333334095972e+01	9.2027907726862090e-01	2.6790123457381809e+00	
1.0333333333578057e+01	9.2027907733794978e-01	2.6790123456998822e+00	
1.0333333333404713e+01	9.2027907736115089e-01	2.6790123456870942e+00	
1.0333333333351559e+01	9.2027907736826242e-01	2.6790123456831823e+00	
1.0333333333336743e+01	9.2027907737024162e-01	2.6790123456820565e+00	
1.0333333333333014e+01	9.2027907737073600e-01	2.6790123456816501e+00	
1.0333333333332172e+01	9.2027907737084413e-01	2.6790123456812722e+00	
1.0333333333331993e+01	9.2027907737086345e-01	2.6790123456806016e+00	
1.0333333333331950e+01	9.2027907737086456e-01	2.6790123456793276e+00	
1.0333333333331925e+01	9.2027907737086256e-01	2.6790123456769526e+00	
1.0333333333331906e+01	9.2027907737086034e-01	2.6790123456726023e+00	
1.0333333333331886e+01	9.2027907737085757e-01	2.6790123456646908e+00	
1.0333333333331868e+01	9.2027907737085490e-01	2.6790123456503361e+00	
1.0333333333331849e+01	9.2027907737085235e-01	2.6790123456243200e+00	
