p0 = 1
npnt = 1701, nseg = 4900, ntri = 3200
END OF HEADER
1.030867e+01 3.591408e-01 -9.190246e-01 2.677181e+00
1.030867e+01 3.591408e-01 -9.190246e-01 2.677181e+00
1.034151e+01 3.514889e-01 -9.186184e-01 2.681044e+00
1.034151e+01 3.514889e-01 -9.186184e-01 2.681044e+00
1.030987e+01 3.589361e-01 -9.190861e-01 2.677271e+00
1.031338e+01 3.583421e-01 -9.192645e-01 2.677532e+00
1.031884e+01 3.574176e-01 -9.195422e-01 2.677938e+00
1.032571e+01 3.562537e-01 -9.198919e-01 2.678448e+00
1.033333e+01 3.549648e-01 -9.202791e-01 2.679012e+00
1.034095e+01 3.536772e-01 -9.206659e-01 2.679575e+00
1.034782e+01 3.525168e-01 -9.210145e-01 2.680082e+00
1.035327e+01 3.515967e-01 -9.212909e-01 2.680483e+00
1.035677e+01 3.510064e-01 -9.214682e-01 2.680741e+00
1.035797e+01 3.508030e-01 -9.215293e-01 2.680829e+00
1.035677e+01 3.510064e-01 -9.214682e-01 2.680741e+00
1.035327e+01 3.515967e-01 -9.212909e-01 2.680483e+00
1.034782e+01 3.525168e-01 -9.210145e-01 2.680082e+00
1.034095e+01 3.536772e-01 -9.206659e-01 2.679575e+00
1.033333e+01 3.549648e-01 -9.202791e-01 2.679012e+00
1.032571e+01 3.562537e-01 -9.198919e-01 2.678448e+00
1.031884e+01 3.574176e-01 -9.195422e-01 2.677938e+00
1.031338e+01 3.583421e-01 -9.192645e-01 2.677532e+00
1.030987e+01 3.589361e-01 -9.190861e-01 2.677271e+00
1.029963e+01 3.598963e-01 -9.201877e-01 2.676509e+00
1.028988e+01 3.607422e-01 -9.213741e-01 2.675780e+00
1.028037e+01 3.615767e-01 -9.225063e-01 2.675067e+00
1.027198e+01 3.623017e-01 -9.235128e-01 2.674437e+00
1.026552e+01 3.628279e-01 -9.243310e-01 2.673951e+00
1.026168e+01 3.630791e-01 -9.249104e-01 2.673663e+00
1.026099e+01 3.629962e-01 -9.252142e-01 2.673611e+00
1.026378e+01 3.625398e-01 -9.252210e-01 2.673823e+00
1.027022e+01 3.616923e-01 -9.249253e-01 2.674309e+00
1.028025e+01 3.604578e-01 -9.243374e-01 2.675063e+00
1.029365e+01 3.588623e-01 -9.234822e-01 2.676066e+00
1.031001e+01 3.569513e-01 -9.223979e-01 2.677286e+00
1.032876e+01 3.547874e-01 -9.211332e-01 2.678677e+00
1.034922e+01 3.524470e-01 -9.197448e-01 2.680188e+00
1.037063e+01 3.500161e-01 -9.182947e-01 2.681760e+00
1.039214e+01 3.475862e-01 -9.168467e-01 2.683334e+00
1.041291e+01 3.452502e-01 -9.154639e-01 2.684849e+00
1.043212e+01 3.430976e-01 -9.142056e-01 2.686247e+00
1.044901e+01 3.412118e-01 -9.131250e-01 2.687475e+00
1.046290e+01 3.396658e-01 -9.122670e-01 2.688484e+00
1.047323e+01 3.385199e-01 -9.116672e-01 2.689234e+00
1.047958e+01 3.378197e-01 -9.113500e-01 2.689696e+00
1.048168e+01 3.375941e-01 -9.113284e-01 2.689849e+00
1.047944e+01 3.378551e-01 -9.116037e-01 2.689685e+00
1.047291e+01 3.385969e-01 -9.121656e-01 2.689208e+00
1.046231e+01 3.397968e-01 -9.129933e-01 2.688435e+00
1.044802e+01 3.414160e-01 -9.140557e-01 2.687393e+00
1.043055e+01 3.434011e-01 -9.153133e-01 2.686121e+00
1.041050e+01 3.456862e-01 -9.167199e-01 2.684663e+00
1.038859e+01 3.481953e-01 -9.182238e-01 2.683069e+00
1.036555e+01 3.508451e-01 -9.197706e-01 2.681392e+00
1.034219e+01 3.535480e-01 -9.213047e-01 2.679684e+00
1.031928e+01 3.562155e-01 -9.227717e-01 2.678000e+00
1.029756e+01 3.587618e-01 -9.241207e-01 2.676389e+00
1.027772e+01 3.611063e-01 -9.253062e-01 2.674900e+00
1.026036e+01 3.631778e-01 -9.262897e-01 2.673579e+00
1.024596e+01 3.649164e-01 -9.270415e-01 2.672470e+00
1.023490e+01 3.662763e-01 -9.275418e-01 2.671609e+00
1.022741e+01 3.672273e-01 -9.277813e-01 2.671023e+00
1.022358e+01 3.677552e-01 -9.277612e-01 2.670730e+00
1.022338e+01 3.678626e-01 -9.274929e-01 2.670731e+00
1.022663e+01 3.675675e-01 -9.269972e-01 2.671011e+00
1.023305e+01 3.669018e-01 -9.263027e-01 2.671540e+00
1.024224e+01 3.659097e-01 -9.254445e-01 2.672274e+00
1.025374e+01 3.646444e-01 -9.244619e-01 2.673163e+00
1.026700e+01 3.631659e-01 -9.233971e-01 2.674154e+00
1.028146e+01 3.615380e-01 -9.222927e-01 2.675201e+00
1.029652e+01 3.598260e-01 -9.211908e-01 2.676265e+00
1.031161e+01 3.580941e-01 -9.201308e-01 2.677321e+00
1.032618e+01 3.564037e-01 -9.191489e-01 2.678348e+00
1.033973e+01 3.548120e-01 -9.182772e-01 2.679332e+00
1.035184e+01 3.533704e-01 -9.175424e-01 2.680255e+00
1.036216e+01 3.521231e-01 -9.169658e-01 2.681091e+00
1.037043e+01 3.511058e-01 -9.165621e-01 2.681806e+00
1.037649e+01 3.503438e-01 -9.163385e-01 2.682358e+00
1.038028e+01 3.498501e-01 -9.162944e-01 2.682708e+00
1.038182e+01 3.496238e-01 -9.164204e-01 2.682826e+00
1.038125e+01 3.496498e-01 -9.166982e-01 2.682708e+00
1.037875e+01 3.498986e-01 -9.171019e-01 2.682380e+00
1.037459e+01 3.503294e-01 -9.175995e-01 2.681897e+00
1.036910e+01 3.508937e-01 -9.181560e-01 2.681336e+00
1.036261e+01 3.515415e-01 -9.187371e-01 2.680779e+00
1.035551e+01 3.522279e-01 -9.193129e-01 2.680295e+00
1.034816e+01 3.529185e-01 -9.198612e-01 2.679920e+00
1.034090e+01 3.535936e-01 -9.203694e-01 2.679646e+00
1.033408e+01 3.542476e-01 -9.208339e-01 2.679427e+00
1.032797e+01 3.548852e-01 -9.212566e-01 2.679192e+00
1.032282e+01 3.555125e-01 -9.216401e-01 2.678871e+00
1.031881e+01 3.561256e-01 -9.219812e-01 2.678430e+00
1.031607e+01 3.567005e-01 -9.222648e-01 2.677889e+00
1.031467e+01 3.571864e-01 -9.224613e-01 2.677333e+00
1.031463e+01 3.575068e-01 -9.225290e-01 2.676893e+00
1.031589e+01 3.575721e-01 -9.224217e-01 2.676717e+00
1.031834e+01 3.573009e-01 -9.221026e-01 2.676918e+00
1.032178e+01 3.566498e-01 -9.215607e-01 2.677529e+00
1.032598e+01 3.556430e-01 -9.208269e-01 2.678473e+00
1.033066e+01 3.543929e-01 -9.199832e-01 2.679566e+00
1.033551e+01 3.531026e-01 -9.191604e-01 2.680555e+00
1.034022e+01 3.520410e-01 -9.185193e-01 2.681181e+00
1.034111e+01 3.516590e-01 -9.186997e-01 2.680944e+00
1.033995e+01 3.521527e-01 -9.189355e-01 2.680656e+00
1.033814e+01 3.529217e-01 -9.193029e-01 2.680207e+00
1.033586e+01 3.538907e-01 -9.197659e-01 2.679641e+00
1.033333e+01 3.549648e-01 -9.202791e-01 2.679012e+00
1.033080e+01 3.560389e-01 -9.207923e-01 2.678383e+00
1.032851e+01 3.570080e-01 -9.212553e-01 2.677816e+00
1.032670e+01 3.577770e-01 -9.216227e-01 2.677365e+00
1.032553e+01 3.582708e-01 -9.218586e-01 2.677075e+00
1.032513e+01 3.584409e-01 -9.219399e-01 2.676975e+00
1.032553e+01 3.582708e-01 -9.218586e-01 2.677075e+00
1.032670e+01 3.577770e-01 -9.216227e-01 2.677365e+00
1.032851e+01 3.570080e-01 -9.212553e-01 2.677816e+00
1.033080e+01 3.560389e-01 -9.207923e-01 2.678383e+00
1.033333e+01 3.549648e-01 -9.202791e-01 2.679012e+00
1.033586e+01 3.538907e-01 -9.197659e-01 2.679641e+00
1.033814e+01 3.529217e-01 -9.193029e-01 2.680207e+00
1.033995e+01 3.521527e-01 -9.189355e-01 2.680656e+00
1.034111e+01 3.516590e-01 -9.186997e-01 2.680944e+00
1.034022e+01 3.520410e-01 -9.185193e-01 2.681181e+00
1.033551e+01 3.531026e-01 -9.191604e-01 2.680555e+00
1.033066e+01 3.543929e-01 -9.199832e-01 2.679566e+00
1.032598e+01 3.556430e-01 -9.208269e-01 2.678473e+00
1.032178e+01 3.566498e-01 -9.215607e-01 2.677529e+00
1.031834e+01 3.573009e-01 -9.221026e-01 2.676918e+00
1.031589e+01 3.575721e-01 -9.224217e-01 2.676717e+00
1.031463e+01 3.575068e-01 -9.225290e-01 2.676893e+00
1.031467e+01 3.571864e-01 -9.224613e-01 2.677333e+00
1.031607e+01 3.567005e-01 -9.222648e-01 2.677889e+00
1.031881e+01 3.561256e-01 -9.219812e-01 2.678430e+00
1.032282e+01 3.555125e-01 -9.216401e-01 2.678871e+00
1.032797e+01 3.548852e-01 -9.212566e-01 2.679192e+00
1.033408e+01 3.542476e-01 -9.208339e-01 2.679427e+00
1.034090e+01 3.535936e-01 -9.203694e-01 2.679646e+00
1.034816e+01 3.529185e-01 -9.198612e-01 2.679920e+00
1.035551e+01 3.522279e-01 -9.193129e-01 2.680295e+00
1.036261e+01 3.515415e-01 -9.187371e-01 2.680779e+00
1.036910e+01 3.508937e-01 -9.181560e-01 2.681336e+00
1.037459e+01 3.503294e-01 -9.175995e-01 2.681897e+00
1.037875e+01 3.498986e-01 -9.171019e-01 2.682380e+00
1.038125e+01 3.496498e-01 -9.166982e-01 2.682708e+00
1.038182e+01 3.496238e-01 -9.164204e-01 2.682826e+00
1.038028e+01 3.498501e-01 -9.162944e-01 2.682708e+00
1.037649e+01 3.503438e-01 -9.163385e-01 2.682358e+00
1.037043e+01 3.511058e-01 -9.165621e-01 2.681806e+00
1.036216e+01 3.521231e-01 -9.169658e-01 2.681091e+00
1.035184e+01 3.533704e-01 -9.175424e-01 2.680255e+00
1.033973e+01 3.548120e-01 -9.182772e-01 2.679332e+00
1.032618e+01 3.564037e-01 -9.191489e-01 2.678348e+00
1.031161e+01 3.580941e-01 -9.201308e-01 2.677321e+00
1.029652e+01 3.598260e-01 -9.211908e-01 2.676265e+00
1.028146e+01 3.615380e-01 -9.222927e-01 2.675201e+00
1.026700e+01 3.631659e-01 -9.233971e-01 2.674154e+00
1.025374e+01 3.646444e-01 -9.244619e-01 2.673163e+00
1.024224e+01 3.659097e-01 -9.254445e-01 2.672274e+00
1.023305e+01 3.669018e-01 -9.263027e-01 2.671540e+00
1.022663e+01 3.675675e-01 -9.269972e-01 2.671011e+00
1.022338e+01 3.678626e-01 -9.274929e-01 2.670731e+00
1.022358e+01 3.677552e-01 -9.277612e-01 2.670730e+00
1.022741e+01 3.672273e-01 -9.277813e-01 2.671023e+00
1.023490e+01 3.662763e-01 -9.275418e-01 2.671609e+00
1.024596e+01 3.649164e-01 -9.270415e-01 2.672470e+00
1.026036e+01 3.631778e-01 -9.262897e-01 2.673579e+00
1.027772e+01 3.611063e-01 -9.253062e-01 2.674900e+00
1.029756e+01 3.587618e-01 -9.241207e-01 2.676389e+00
1.031928e+01 3.562155e-01 -9.227717e-01 2.678000e+00
1.034219e+01 3.535480e-01 -9.213047e-01 2.679684e+00
1.036555e+01 3.508451e-01 -9.197706e-01 2.681392e+00
1.038859e+01 3.481953e-01 -9.182238e-01 2.683069e+00
1.041050e+01 3.456862e-01 -9.167199e-01 2.684663e+00
1.043055e+01 3.434011e-01 -9.153133e-01 2.686121e+00
1.044802e+01 3.414160e-01 -9.140557e-01 2.687393e+00
1.046231e+01 3.397968e-01 -9.129933e-01 2.688435e+00
1.047291e+01 3.385969e-01 -9.121656e-01 2.689208e+00
1.047944e+01 3.378551e-01 -9.116037e-01 2.689685e+00
1.048168e+01 3.375941e-01 -9.113284e-01 2.689849e+00
1.047958e+01 3.378197e-01 -9.113500e-01 2.689696e+00
1.047323e+01 3.385199e-01 -9.116672e-01 2.689234e+00
1.046290e+01 3.396658e-01 -9.122670e-01 2.688484e+00
1.044901e+01 3.412118e-01 -9.131250e-01 2.687475e+00
1.043212e+01 3.430976e-01 -9.142056e-01 2.686247e+00
1.041291e+01 3.452502e-01 -9.154639e-01 2.684849e+00
1.039214e+01 3.475862e-01 -9.168467e-01 2.683334e+00
1.037063e+01 3.500161e-01 -9.182947e-01 2.681760e+00
1.034922e+01 3.524470e-01 -9.197448e-01 2.680188e+00
1.032876e+01 3.547874e-01 -9.211332e-01 2.678677e+00
1.031001e+01 3.569513e-01 -9.223979e-01 2.677286e+00
1.029365e+01 3.588623e-01 -9.234822e-01 2.676066e+00
1.028025e+01 3.604578e-01 -9.243374e-01 2.675063e+00
1.027022e+01 3.616923e-01 -9.249253e-01 2.674309e+00
1.026378e+01 3.625398e-01 -9.252210e-01 2.673823e+00
1.026099e+01 3.629962e-01 -9.252142e-01 2.673611e+00
1.026168e+01 3.630791e-01 -9.249104e-01 2.673663e+00
1.026552e+01 3.628279e-01 -9.243310e-01 2.673951e+00
1.027198e+01 3.623017e-01 -9.235128e-01 2.674437e+00
1.028037e+01 3.615767e-01 -9.225063e-01 2.675067e+00
1.028988e+01 3.607422e-01 -9.213741e-01 2.675780e+00
1.029963e+01 3.598963e-01 -9.201877e-01 2.676509e+00
1.030128e+01 3.596544e-01 -9.201922e-01 2.676632e+00
1.030607e+01 3.589527e-01 -9.202052e-01 2.676988e+00
1.031353e+01 3.578607e-01 -9.202254e-01 2.677543e+00
1.032292e+01 3.564863e-01 -9.202509e-01 2.678241e+00
1.033333e+01 3.549648e-01 -9.202791e-01 2.679012e+00
1.034374e+01 3.534455e-01 -9.203072e-01 2.679782e+00
1.035313e+01 3.520768e-01 -9.203326e-01 2.680474e+00
1.036057e+01 3.509919e-01 -9.203527e-01 2.681022e+00
1.036535e+01 3.502959e-01 -9.203656e-01 2.681374e+00
1.036700e+01 3.500562e-01 -9.203700e-01 2.681495e+00
1.036535e+01 3.502959e-01 -9.203656e-01 2.681374e+00
1.036057e+01 3.509919e-01 -9.203527e-01 2.681022e+00
1.035313e+01 3.520768e-01 -9.203326e-01 2.680474e+00
1.034374e+01 3.534455e-01 -9.203072e-01 2.679782e+00
1.033333e+01 3.549648e-01 -9.202791e-01 2.679012e+00
1.032292e+01 3.564863e-01 -9.202509e-01 2.678241e+00
1.031353e+01 3.578607e-01 -9.202254e-01 2.677543e+00
1.030607e+01 3.589527e-01 -9.202052e-01 2.676988e+00
1.030128e+01 3.596544e-01 -9.201922e-01 2.676632e+00
1.029201e+01 3.604586e-01 -9.213204e-01 2.675939e+00
1.028296e+01 3.612520e-01 -9.223969e-01 2.675261e+00
1.027498e+01 3.619412e-01 -9.233539e-01 2.674662e+00
1.026884e+01 3.624413e-01 -9.241318e-01 2.674201e+00
1.026519e+01 3.626801e-01 -9.246827e-01 2.673927e+00
1.026453e+01 3.626012e-01 -9.249715e-01 2.673878e+00
1.026719e+01 3.621674e-01 -9.249780e-01 2.674079e+00
1.027331e+01 3.613616e-01 -9.246969e-01 2.674540e+00
1.028285e+01 3.601880e-01 -9.241380e-01 2.675257e+00
1.029559e+01 3.586710e-01 -9.233250e-01 2.676211e+00
1.031115e+01 3.568539e-01 -9.222940e-01 2.677371e+00
1.032898e+01 3.547961e-01 -9.210913e-01 2.678693e+00
1.034845e+01 3.525701e-01 -9.197709e-01 2.680130e+00
1.036880e+01 3.502577e-01 -9.183916e-01 2.681626e+00
1.038926e+01 3.479460e-01 -9.170141e-01 2.683124e+00
1.040902e+01 3.457231e-01 -9.156984e-01 2.684566e+00
1.042729e+01 3.436747e-01 -9.145009e-01 2.685897e+00
1.044336e+01 3.418798e-01 -9.134725e-01 2.687066e+00
1.045657e+01 3.404082e-01 -9.126559e-01 2.688027e+00
1.046639e+01 3.393174e-01 -9.120849e-01 2.688742e+00
1.047243e+01 3.386508e-01 -9.117828e-01 2.689182e+00
1.047444e+01 3.384361e-01 -9.117622e-01 2.689327e+00
1.047230e+01 3.386845e-01 -9.120242e-01 2.689171e+00
1.046609e+01 3.393907e-01 -9.125591e-01 2.688717e+00
1.045601e+01 3.405329e-01 -9.133469e-01 2.687980e+00
1.044242e+01 3.420742e-01 -9.143580e-01 2.686988e+00
1.042580e+01 3.439635e-01 -9.155548e-01 2.685776e+00
1.040673e+01 3.461381e-01 -9.168932e-01 2.684388e+00
1.038588e+01 3.485254e-01 -9.183240e-01 2.682871e+00
1.036398e+01 3.510463e-01 -9.197954e-01 2.681275e+00
1.034176e+01 3.536173e-01 -9.212545e-01 2.679652e+00
1.031997e+01 3.561543e-01 -9.226496e-01 2.678050e+00
1.029931e+01 3.585755e-01 -9.239323e-01 2.676518e+00
1.028044e+01 3.608046e-01 -9.250592e-01 2.675102e+00
1.026393e+01 3.627739e-01 -9.259941e-01 2.673847e+00
1.025024e+01 3.644265e-01 -9.267086e-01 2.672793e+00
1.023972e+01 3.657191e-01 -9.271840e-01 2.671975e+00
1.023260e+01 3.666229e-01 -9.274115e-01 2.671419e+00
1.022896e+01 3.671247e-01 -9.273923e-01 2.671141e+00
1.022877e+01 3.672268e-01 -9.271373e-01 2.671141e+00
1.023186e+01 3.669463e-01 -9.266661e-01 2.671407e+00
1.023796e+01 3.663137e-01 -9.260060e-01 2.671910e+00
1.024671e+01 3.653708e-01 -9.251901e-01 2.672607e+00
1.025764e+01 3.641681e-01 -9.242561e-01 2.673451e+00
1.027025e+01 3.627627e-01 -9.232438e-01 2.674393e+00
1.028400e+01 3.612152e-01 -9.221938e-01 2.675388e+00
1.029832e+01 3.595875e-01 -9.211460e-01 2.676400e+00
1.031267e+01 3.579407e-01 -9.201380e-01 2.677404e+00
1.032653e+01 3.563332e-01 -9.192043e-01 2.678380e+00
1.033942e+01 3.548195e-01 -9.183751e-01 2.679316e+00
1.035094e+01 3.534483e-01 -9.176762e-01 2.680194e+00
1.036075e+01 3.522619e-01 -9.171277e-01 2.680990e+00
1.036862e+01 3.512943e-01 -9.167435e-01 2.681670e+00
1.037438e+01 3.505694e-01 -9.165309e-01 2.682195e+00
1.037798e+01 3.500996e-01 -9.164889e-01 2.682528e+00
1.037945e+01 3.498844e-01 -9.166086e-01 2.682640e+00
1.037890e+01 3.499091e-01 -9.168729e-01 2.682528e+00
1.037653e+01 3.501458e-01 -9.172569e-01 2.682216e+00
1.037257e+01 3.505556e-01 -9.177303e-01 2.681756e+00
1.036735e+01 3.510925e-01 -9.182597e-01 2.681223e+00
1.036118e+01 3.517087e-01 -9.188124e-01 2.680693e+00
1.035442e+01 3.523617e-01 -9.193601e-01 2.680233e+00
1.034743e+01 3.530186e-01 -9.198816e-01 2.679876e+00
1.034053e+01 3.536607e-01 -9.203650e-01 2.679615e+00
1.033404e+01 3.542827e-01 -9.208067e-01 2.679407e+00
1.032824e+01 3.548891e-01 -9.212087e-01 2.679183e+00
1.032333e+01 3.554856e-01 -9.215735e-01 2.678878e+00
1.031952e+01 3.560687e-01 -9.218978e-01 2.678459e+00
1.031691e+01 3.566155e-01 -9.221675e-01 2.677945e+00
1.031559e+01 3.570775e-01 -9.223544e-01 2.677415e+00
1.031555e+01 3.573823e-01 -9.224188e-01 2.676997e+00
1.031675e+01 3.574444e-01 -9.223168e-01 2.676829e+00
1.031907e+01 3.571865e-01 -9.220133e-01 2.677020e+00
1.032234e+01 3.565673e-01 -9.214979e-01 2.677601e+00
1.032634e+01 3.556098e-01 -9.208001e-01 2.678499e+00
1.033079e+01 3.544209e-01 -9.199977e-01 2.679539e+00
1.033540e+01 3.531937e-01 -9.192151e-01 2.680479e+00
1.033988e+01 3.521841e-01 -9.186054e-01 2.681075e+00
1.033890e+01 3.525995e-01 -9.188554e-01 2.680767e+00
1.033738e+01 3.532463e-01 -9.192448e-01 2.680287e+00
1.033546e+01 3.540614e-01 -9.197353e-01 2.679683e+00
1.033333e+01 3.549648e-01 -9.202791e-01 2.679012e+00
1.033120e+01 3.558681e-01 -9.208228e-01 2.678342e+00
1.032928e+01 3.566830e-01 -9.213132e-01 2.677736e+00
1.032775e+01 3.573296e-01 -9.217024e-01 2.677255e+00
1.032677e+01 3.577447e-01 -9.219523e-01 2.676946e+00
1.032643e+01 3.578877e-01 -9.220384e-01 2.676840e+00
1.032677e+01 3.577447e-01 -9.219523e-01 2.676946e+00
1.032775e+01 3.573296e-01 -9.217024e-01 2.677255e+00
1.032928e+01 3.566830e-01 -9.213132e-01 2.677736e+00
1.033120e+01 3.558681e-01 -9.208228e-01 2.678342e+00
1.033333e+01 3.549648e-01 -9.202791e-01 2.679012e+00
1.033546e+01 3.540614e-01 -9.197353e-01 2.679683e+00
1.033738e+01 3.532463e-01 -9.192448e-01 2.680287e+00
1.033890e+01 3.525995e-01 -9.188554e-01 2.680767e+00
1.033988e+01 3.521841e-01 -9.186054e-01 2.681075e+00
1.033540e+01 3.531937e-01 -9.192151e-01 2.680479e+00
1.033079e+01 3.544209e-01 -9.199977e-01 2.679539e+00
1.032634e+01 3.556098e-01 -9.208001e-01 2.678499e+00
1.032234e+01 3.565673e-01 -9.214979e-01 2.677601e+00
1.031907e+01 3.571865e-01 -9.220133e-01 2.677020e+00
1.031675e+01 3.574444e-01 -9.223168e-01 2.676829e+00
1.031555e+01 3.573823e-01 -9.224188e-01 2.676997e+00
1.031559e+01 3.570775e-01 -9.223544e-01 2.677415e+00
1.031691e+01 3.566155e-01 -9.221675e-01 2.677945e+00
1.031952e+01 3.560687e-01 -9.218978e-01 2.678459e+00
1.032333e+01 3.554856e-01 -9.215735e-01 2.678878e+00
1.032824e+01 3.548891e-01 -9.212087e-01 2.679183e+00
1.033404e+01 3.542827e-01 -9.208067e-01 2.679407e+00
1.034053e+01 3.536607e-01 -9.203650e-01 2.679615e+00
1.034743e+01 3.530186e-01 -9.198816e-01 2.679876e+00
1.035442e+01 3.523617e-01 -9.193601e-01 2.680233e+00
1.036118e+01 3.517087e-01 -9.188124e-01 2.680693e+00
1.036735e+01 3.510925e-01 -9.182597e-01 2.681223e+00
1.037257e+01 3.505556e-01 -9.177303e-01 2.681756e+00
1.037653e+01 3.501458e-01 -9.172569e-01 2.682216e+00
1.037890e+01 3.499091e-01 -9.168729e-01 2.682528e+00
1.037945e+01 3.498844e-01 -9.166086e-01 2.682640e+00
1.037798e+01 3.500996e-01 -9.164889e-01 2.682528e+00
1.037438e+01 3.505694e-01 -9.165309e-01 2.682195e+00
1.036862e+01 3.512943e-01 -9.167435e-01 2.681670e+00
1.036075e+01 3.522619e-01 -9.171277e-01 2.680990e+00
1.035094e+01 3.534483e-01 -9.176762e-01 2.680194e+00
1.033942e+01 3.548195e-01 -9.183751e-01 2.679316e+00
1.032653e+01 3.563332e-01 -9.192043e-01 2.678380e+00
1.031267e+01 3.579407e-01 -9.201380e-01 2.677404e+00
1.029832e+01 3.595875e-01 -9.211460e-01 2.676400e+00
1.028400e+01 3.612152e-01 -9.221938e-01 2.675388e+00
1.027025e+01 3.627627e-01 -9.232438e-01 2.674393e+00
1.025764e+01 3.641681e-01 -9.242561e-01 2.673451e+00
1.024671e+01 3.653708e-01 -9.251901e-01 2.672607e+00
1.023796e+01 3.663137e-01 -9.260060e-01 2.671910e+00
1.023186e+01 3.669463e-01 -9.266661e-01 2.671407e+00
1.022877e+01 3.672268e-01 -9.271373e-01 2.671141e+00
1.022896e+01 3.671247e-01 -9.273923e-01 2.671141e+00
1.023260e+01 3.666229e-01 -9.274115e-01 2.671419e+00
1.023972e+01 3.657191e-01 -9.271840e-01 2.671975e+00
1.025024e+01 3.644265e-01 -9.267086e-01 2.672793e+00
1.026393e+01 3.627739e-01 -9.259941e-01 2.673847e+00
1.028044e+01 3.608046e-01 -9.250592e-01 2.675102e+00
1.029931e+01 3.585755e-01 -9.239323e-01 2.676518e+00
1.031997e+01 3.561543e-01 -9.226496e-01 2.678050e+00
1.034176e+01 3.536173e-01 -9.212545e-01 2.679652e+00
1.036398e+01 3.510463e-01 -9.197954e-01 2.681275e+00
1.038588e+01 3.485254e-01 -9.183240e-01 2.682871e+00
1.040673e+01 3.461381e-01 -9.168932e-01 2.684388e+00
1.042580e+01 3.439635e-01 -9.155548e-01 2.685776e+00
1.044242e+01 3.420742e-01 -9.143580e-01 2.686988e+00
1.045601e+01 3.405329e-01 -9.133469e-01 2.687980e+00
1.046609e+01 3.393907e-01 -9.125591e-01 2.688717e+00
1.047230e+01 3.386845e-01 -9.120242e-01 2.689171e+00
1.047444e+01 3.384361e-01 -9.117622e-01 2.689327e+00
1.047243e+01 3.386508e-01 -9.117828e-01 2.689182e+00
1.046639e+01 3.393174e-01 -9.120849e-01 2.688742e+00
1.045657e+01 3.404082e-01 -9.126559e-01 2.688027e+00
1.044336e+01 3.418798e-01 -9.134725e-01 2.687066e+00
1.042729e+01 3.436747e-01 -9.145009e-01 2.685897e+00
1.040902e+01 3.457231e-01 -9.156984e-01 2.684566e+00
1.038926e+01 3.479460e-01 -9.170141e-01 2.683124e+00
1.036880e+01 3.502577e-01 -9.183916e-01 2.681626e+00
1.034845e+01 3.525701e-01 -9.197709e-01 2.680130e+00
1.032898e+01 3.547961e-01 -9.210913e-01 2.678693e+00
1.031115e+01 3.568539e-01 -9.222940e-01 2.677371e+00
1.029559e+01 3.586710e-01 -9.233250e-01 2.676211e+00
1.028285e+01 3.601880e-01 -9.241380e-01 2.675257e+00
1.027331e+01 3.613616e-01 -9.246969e-01 2.674540e+00
1.026719e+01 3.621674e-01 -9.249780e-01 2.674079e+00
1.026453e+01 3.626012e-01 -9.249715e-01 2.673878e+00
1.026519e+01 3.626801e-01 -9.246827e-01 2.673927e+00
1.026884e+01 3.624413e-01 -9.241318e-01 2.674201e+00
1.027498e+01 3.619412e-01 -9.233539e-01 2.674662e+00
1.028296e+01 3.612520e-01 -9.223969e-01 2.675261e+00
1.029201e+01 3.604586e-01 -9.213204e-01 2.675939e+00
1.029819e+01 3.596361e-01 -9.211645e-01 2.676400e+00
1.030780e+01 3.583565e-01 -9.209219e-01 2.677117e+00
1.031991e+01 3.567464e-01 -9.206168e-01 2.678017e+00
1.033333e+01 3.549648e-01 -9.202791e-01 2.679012e+00
1.034675e+01 3.531865e-01 -9.199420e-01 2.680004e+00
1.035885e+01 3.515851e-01 -9.196385e-01 2.680897e+00
1.036845e+01 3.503161e-01 -9.193980e-01 2.681603e+00
1.037461e+01 3.495022e-01 -9.192437e-01 2.682055e+00
1.037673e+01 3.492220e-01 -9.191906e-01 2.682211e+00
1.037461e+01 3.495022e-01 -9.192437e-01 2.682055e+00
1.036845e+01 3.503161e-01 -9.193980e-01 2.681603e+00
1.035885e+01 3.515851e-01 -9.196385e-01 2.680897e+00
1.034675e+01 3.531865e-01 -9.199420e-01 2.680004e+00
1.033333e+01 3.549648e-01 -9.202791e-01 2.679012e+00
1.031991e+01 3.567464e-01 -9.206168e-01 2.678017e+00
1.030780e+01 3.583565e-01 -9.209219e-01 2.677117e+00
1.029819e+01 3.596361e-01 -9.211645e-01 2.676400e+00
1.029049e+01 3.603102e-01 -9.220797e-01 2.675824e+00
1.028370e+01 3.608957e-01 -9.228931e-01 2.675316e+00
1.027848e+01 3.613205e-01 -9.235542e-01 2.674924e+00
1.027538e+01 3.615232e-01 -9.240223e-01 2.674691e+00
1.027482e+01 3.614561e-01 -9.242678e-01 2.674650e+00
1.027708e+01 3.610875e-01 -9.242735e-01 2.674820e+00
1.028228e+01 3.604029e-01 -9.240348e-01 2.675212e+00
1.029040e+01 3.594056e-01 -9.235600e-01 2.675821e+00
1.030123e+01 3.581163e-01 -9.228691e-01 2.676631e+00
1.031446e+01 3.565714e-01 -9.219927e-01 2.677616e+00
1.032963e+01 3.548213e-01 -9.209700e-01 2.678741e+00
1.034619e+01 3.529274e-01 -9.198467e-01 2.679964e+00
1.036351e+01 3.509592e-01 -9.186729e-01 2.681237e+00
1.038091e+01 3.489908e-01 -9.175001e-01 2.682513e+00
1.039772e+01 3.470973e-01 -9.163795e-01 2.683743e+00
1.041328e+01 3.453516e-01 -9.153592e-01 2.684878e+00
1.042695e+01 3.438215e-01 -9.144825e-01 2.685876e+00
1.043819e+01 3.425666e-01 -9.137862e-01 2.686697e+00
1.044655e+01 3.416362e-01 -9.132991e-01 2.687308e+00
1.045169e+01 3.410675e-01 -9.130414e-01 2.687684e+00
1.045340e+01 3.408843e-01 -9.130237e-01 2.687808e+00
1.045158e+01 3.410962e-01 -9.132471e-01 2.687674e+00
1.044629e+01 3.416986e-01 -9.137032e-01 2.687286e+00
1.043771e+01 3.426729e-01 -9.143748e-01 2.686657e+00
1.042615e+01 3.439871e-01 -9.152366e-01 2.685810e+00
1.041200e+01 3.455976e-01 -9.162566e-01 2.684775e+00
1.039578e+01 3.474506e-01 -9.173967e-01 2.683591e+00
1.037804e+01 3.494842e-01 -9.186151e-01 2.682298e+00
1.035940e+01 3.516305e-01 -9.198675e-01 2.680938e+00
1.034050e+01 3.538184e-01 -9.211089e-01 2.679556e+00
1.032196e+01 3.559765e-01 -9.222953e-01 2.678194e+00
1.030439e+01 3.580351e-01 -9.233856e-01 2.676892e+00
1.028835e+01 3.599297e-01 -9.243431e-01 2.675689e+00
1.027431e+01 3.616028e-01 -9.251370e-01 2.674624e+00
1.026266e+01 3.630065e-01 -9.257436e-01 2.673730e+00
1.025372e+01 3.641041e-01 -9.261471e-01 2.673036e+00
1.024766e+01 3.648714e-01 -9.263400e-01 2.672564e+00
1.024457e+01 3.652974e-01 -9.263235e-01 2.672328e+00
1.024440e+01 3.653841e-01 -9.261067e-01 2.672329e+00
1.024703e+01 3.651461e-01 -9.257065e-01 2.672555e+00
1.025222e+01 3.646092e-01 -9.251458e-01 2.672980e+00
1.025966e+01 3.638087e-01 -9.244529e-01 2.673572e+00
1.026895e+01 3.627874e-01 -9.236595e-01 2.674288e+00
1.027968e+01 3.615937e-01 -9.227994e-01 2.675088e+00
1.029137e+01 3.602790e-01 -9.219070e-01 2.675932e+00
1.030355e+01 3.588957e-01 -9.210163e-01 2.676792e+00
1.031576e+01 3.574957e-01 -9.201591e-01 2.677644e+00
1.032754e+01 3.561288e-01 -9.193648e-01 2.678475e+00
1.033851e+01 3.548412e-01 -9.186593e-01 2.679271e+00
1.034831e+01 3.536745e-01 -9.180645e-01 2.680018e+00
1.035666e+01 3.526649e-01 -9.175976e-01 2.680695e+00
1.036335e+01 3.518413e-01 -9.172705e-01 2.681274e+00
1.036825e+01 3.512243e-01 -9.170893e-01 2.681722e+00
1.037132e+01 3.508244e-01 -9.170535e-01 2.682005e+00
1.037257e+01 3.506412e-01 -9.171554e-01 2.682101e+00
1.037210e+01 3.506622e-01 -9.173803e-01 2.682006e+00
1.037008e+01 3.508637e-01 -9.177071e-01 2.681740e+00
1.036671e+01 3.512126e-01 -9.181101e-01 2.681348e+00
1.036227e+01 3.516696e-01 -9.185607e-01 2.680894e+00
1.035702e+01 3.521942e-01 -9.190311e-01 2.680443e+00
1.035127e+01 3.527499e-01 -9.194971e-01 2.680051e+00
1.034532e+01 3.533090e-01 -9.199409e-01 2.679747e+00
1.033946e+01 3.538554e-01 -9.203522e-01 2.679525e+00
1.033394e+01 3.543846e-01 -9.207279e-01 2.679348e+00
1.032900e+01 3.549004e-01 -9.210698e-01 2.679158e+00
1.032483e+01 3.554078e-01 -9.213800e-01 2.678898e+00
1.032158e+01 3.559037e-01 -9.216558e-01 2.678542e+00
1.031937e+01 3.563687e-01 -9.218851e-01 2.678104e+00
1.031824e+01 3.567617e-01 -9.220441e-01 2.677654e+00
1.031820e+01 3.570209e-01 -9.220990e-01 2.677298e+00
1.031922e+01 3.570738e-01 -9.220123e-01 2.677156e+00
1.032120e+01 3.568545e-01 -9.217541e-01 2.677318e+00
1.032399e+01 3.563279e-01 -9.213158e-01 2.677812e+00
1.032739e+01 3.555134e-01 -9.207222e-01 2.678576e+00
1.033117e+01 3.545022e-01 -9.200397e-01 2.679461e+00
1.033509e+01 3.534583e-01 -9.193741e-01 2.680260e+00
1.033461e+01 3.538704e-01 -9.196216e-01 2.679919e+00
1.033401e+01 3.543895e-01 -9.199335e-01 2.679489e+00
1.033333e+01 3.549648e-01 -9.202791e-01 2.679012e+00
1.033266e+01 3.555400e-01 -9.206246e-01 2.678536e+00
1.033205e+01 3.560587e-01 -9.209363e-01 2.678105e+00
1.033157e+01 3.564704e-01 -9.211835e-01 2.677764e+00
1.033126e+01 3.567346e-01 -9.213423e-01 2.677545e+00
1.033115e+01 3.568257e-01 -9.213970e-01 2.677469e+00
1.033126e+01 3.567346e-01 -9.213423e-01 2.677545e+00
1.033157e+01 3.564704e-01 -9.211835e-01 2.677764e+00
1.033205e+01 3.560587e-01 -9.209363e-01 2.678105e+00
1.033266e+01 3.555400e-01 -9.206246e-01 2.678536e+00
1.033333e+01 3.549648e-01 -9.202791e-01 2.679012e+00
1.033401e+01 3.543895e-01 -9.199335e-01 2.679489e+00
1.033461e+01 3.538704e-01 -9.196216e-01 2.679919e+00
1.033509e+01 3.534583e-01 -9.193741e-01 2.680260e+00
1.033117e+01 3.545022e-01 -9.200397e-01 2.679461e+00
1.032739e+01 3.555134e-01 -9.207222e-01 2.678576e+00
1.032399e+01 3.563279e-01 -9.213158e-01 2.677812e+00
1.032120e+01 3.568545e-01 -9.217541e-01 2.677318e+00
1.031922e+01 3.570738e-01 -9.220123e-01 2.677156e+00
1.031820e+01 3.570209e-01 -9.220990e-01 2.677298e+00
1.031824e+01 3.567617e-01 -9.220441e-01 2.677654e+00
1.031937e+01 3.563687e-01 -9.218851e-01 2.678104e+00
1.032158e+01 3.559037e-01 -9.216558e-01 2.678542e+00
1.032483e+01 3.554078e-01 -9.213800e-01 2.678898e+00
1.032900e+01 3.549004e-01 -9.210698e-01 2.679158e+00
1.033394e+01 3.543846e-01 -9.207279e-01 2.679348e+00
1.033946e+01 3.538554e-01 -9.203522e-01 2.679525e+00
1.034532e+01 3.533090e-01 -9.199409e-01 2.679747e+00
1.035127e+01 3.527499e-01 -9.194971e-01 2.680051e+00
1.035702e+01 3.521942e-01 -9.190311e-01 2.680443e+00
1.036227e+01 3.516696e-01 -9.185607e-01 2.680894e+00
1.036671e+01 3.512126e-01 -9.181101e-01 2.681348e+00
1.037008e+01 3.508637e-01 -9.177071e-01 2.681740e+00
1.037210e+01 3.506622e-01 -9.173803e-01 2.682006e+00
1.037257e+01 3.506412e-01 -9.171554e-01 2.682101e+00
1.037132e+01 3.508244e-01 -9.170535e-01 2.682005e+00
1.036825e+01 3.512243e-01 -9.170893e-01 2.681722e+00
1.036335e+01 3.518413e-01 -9.172705e-01 2.681274e+00
1.035666e+01 3.526649e-01 -9.175976e-01 2.680695e+00
1.034831e+01 3.536745e-01 -9.180645e-01 2.680018e+00
1.033851e+01 3.548412e-01 -9.186593e-01 2.679271e+00
1.032754e+01 3.561288e-01 -9.193648e-01 2.678475e+00
1.031576e+01 3.574957e-01 -9.201591e-01 2.677644e+00
1.030355e+01 3.588957e-01 -9.210163e-01 2.676792e+00
1.029137e+01 3.602790e-01 -9.219070e-01 2.675932e+00
1.027968e+01 3.615937e-01 -9.227994e-01 2.675088e+00
1.026895e+01 3.627874e-01 -9.236595e-01 2.674288e+00
1.025966e+01 3.638087e-01 -9.244529e-01 2.673572e+00
1.025222e+01 3.646092e-01 -9.251458e-01 2.672980e+00
1.024703e+01 3.651461e-01 -9.257065e-01 2.672555e+00
1.024440e+01 3.653841e-01 -9.261067e-01 2.672329e+00
1.024457e+01 3.652974e-01 -9.263235e-01 2.672328e+00
1.024766e+01 3.648714e-01 -9.263400e-01 2.672564e+00
1.025372e+01 3.641041e-01 -9.261471e-01 2.673036e+00
1.026266e+01 3.630065e-01 -9.257436e-01 2.673730e+00
1.027431e+01 3.616028e-01 -9.251370e-01 2.674624e+00
1.028835e+01 3.599297e-01 -9.243431e-01 2.675689e+00
1.030439e+01 3.580351e-01 -9.233856e-01 2.676892e+00
1.032196e+01 3.559765e-01 -9.222953e-01 2.678194e+00
1.034050e+01 3.538184e-01 -9.211089e-01 2.679556e+00
1.035940e+01 3.516305e-01 -9.198675e-01 2.680938e+00
1.037804e+01 3.494842e-01 -9.186151e-01 2.682298e+00
1.039578e+01 3.474506e-01 -9.173967e-01 2.683591e+00
1.041200e+01 3.455976e-01 -9.162566e-01 2.684775e+00
1.042615e+01 3.439871e-01 -9.152366e-01 2.685810e+00
1.043771e+01 3.426729e-01 -9.143748e-01 2.686657e+00
1.044629e+01 3.416986e-01 -9.137032e-01 2.687286e+00
1.045158e+01 3.410962e-01 -9.132471e-01 2.687674e+00
1.045340e+01 3.408843e-01 -9.130237e-01 2.687808e+00
1.045169e+01 3.410675e-01 -9.130414e-01 2.687684e+00
1.044655e+01 3.416362e-01 -9.132991e-01 2.687308e+00
1.043819e+01 3.425666e-01 -9.137862e-01 2.686697e+00
1.042695e+01 3.438215e-01 -9.144825e-01 2.685876e+00
1.041328e+01 3.453516e-01 -9.153592e-01 2.684878e+00
1.039772e+01 3.470973e-01 -9.163795e-01 2.683743e+00
1.038091e+01 3.489908e-01 -9.175001e-01 2.682513e+00
1.036351e+01 3.509592e-01 -9.186729e-01 2.681237e+00
1.034619e+01 3.529274e-01 -9.198467e-01 2.679964e+00
1.032963e+01 3.548213e-01 -9.209700e-01 2.678741e+00
1.031446e+01 3.565714e-01 -9.219927e-01 2.677616e+00
1.030123e+01 3.581163e-01 -9.228691e-01 2.676631e+00
1.029040e+01 3.594056e-01 -9.235600e-01 2.675821e+00
1.028228e+01 3.604029e-01 -9.240348e-01 2.675212e+00
1.027708e+01 3.610875e-01 -9.242735e-01 2.674820e+00
1.027482e+01 3.614561e-01 -9.242678e-01 2.674650e+00
1.027538e+01 3.615232e-01 -9.240223e-01 2.674691e+00
1.027848e+01 3.613205e-01 -9.235542e-01 2.674924e+00
1.028370e+01 3.608957e-01 -9.228931e-01 2.675316e+00
1.029049e+01 3.603102e-01 -9.220797e-01 2.675824e+00
1.030221e+01 3.588453e-01 -9.215862e-01 2.676699e+00
1.031697e+01 3.570028e-01 -9.209656e-01 2.677798e+00
1.033333e+01 3.549648e-01 -9.202791e-01 2.679012e+00
1.034969e+01 3.529314e-01 -9.195941e-01 2.680222e+00
1.036443e+01 3.511009e-01 -9.189775e-01 2.681309e+00
1.037613e+01 3.496509e-01 -9.184891e-01 2.682169e+00
1.038364e+01 3.487212e-01 -9.181759e-01 2.682720e+00
1.038623e+01 3.484011e-01 -9.180681e-01 2.682909e+00
1.038364e+01 3.487212e-01 -9.181759e-01 2.682720e+00
1.037613e+01 3.496509e-01 -9.184891e-01 2.682169e+00
1.036443e+01 3.511009e-01 -9.189775e-01 2.681309e+00
1.034969e+01 3.529314e-01 -9.195941e-01 2.680222e+00
1.033333e+01 3.549648e-01 -9.202791e-01 2.679012e+00
1.031697e+01 3.570028e-01 -9.209656e-01 2.677798e+00
1.030221e+01 3.588453e-01 -9.215862e-01 2.676699e+00
1.029728e+01 3.592698e-01 -9.221765e-01 2.676331e+00
1.029349e+01 3.595777e-01 -9.226561e-01 2.676047e+00
1.029124e+01 3.597245e-01 -9.229957e-01 2.675879e+00
1.029083e+01 3.596758e-01 -9.231739e-01 2.675849e+00
1.029247e+01 3.594084e-01 -9.231781e-01 2.675972e+00
1.029625e+01 3.589120e-01 -9.230051e-01 2.676256e+00
1.030214e+01 3.581886e-01 -9.226609e-01 2.676697e+00
1.031001e+01 3.572531e-01 -9.221597e-01 2.677284e+00
1.031962e+01 3.561316e-01 -9.215237e-01 2.677999e+00
1.033065e+01 3.548605e-01 -9.207810e-01 2.678815e+00
1.034267e+01 3.534842e-01 -9.199649e-01 2.679704e+00
1.035526e+01 3.520529e-01 -9.191114e-01 2.680630e+00
1.036791e+01 3.506205e-01 -9.182582e-01 2.681560e+00
1.038013e+01 3.492417e-01 -9.174424e-01 2.682456e+00
1.039143e+01 3.479699e-01 -9.166992e-01 2.683285e+00
1.040137e+01 3.468544e-01 -9.160602e-01 2.684014e+00
1.040955e+01 3.459392e-01 -9.155524e-01 2.684614e+00
1.041563e+01 3.452604e-01 -9.151970e-01 2.685061e+00
1.041936e+01 3.448453e-01 -9.150089e-01 2.685336e+00
1.042060e+01 3.447116e-01 -9.149958e-01 2.685427e+00
1.041928e+01 3.448663e-01 -9.151587e-01 2.685329e+00
1.041544e+01 3.453059e-01 -9.154912e-01 2.685045e+00
1.040920e+01 3.460166e-01 -9.159809e-01 2.684585e+00
1.040079e+01 3.469751e-01 -9.166091e-01 2.683965e+00
1.039051e+01 3.481490e-01 -9.173522e-01 2.683210e+00
1.037871e+01 3.494990e-01 -9.181824e-01 2.682346e+00
1.036582e+01 3.509795e-01 -9.190691e-01 2.681403e+00
1.035228e+01 3.525411e-01 -9.199799e-01 2.680413e+00
1.033854e+01 3.541318e-01 -9.208821e-01 2.679408e+00
1.032507e+01 3.556997e-01 -9.217436e-01 2.678418e+00
1.031231e+01 3.571943e-01 -9.225348e-01 2.677473e+00
1.030066e+01 3.585689e-01 -9.232292e-01 2.676602e+00
1.029046e+01 3.597822e-01 -9.238046e-01 2.675831e+00
1.028200e+01 3.607996e-01 -9.242440e-01 2.675183e+00
1.027551e+01 3.615949e-01 -9.245360e-01 2.674681e+00
1.027111e+01 3.621507e-01 -9.246755e-01 2.674341e+00
1.026886e+01 3.624593e-01 -9.246632e-01 2.674170e+00
1.026874e+01 3.625222e-01 -9.245060e-01 2.674171e+00
1.027065e+01 3.623499e-01 -9.242159e-01 2.674334e+00
1.027442e+01 3.619611e-01 -9.238095e-01 2.674641e+00
1.027982e+01 3.613812e-01 -9.233073e-01 2.675069e+00
1.028657e+01 3.606413e-01 -9.227321e-01 2.675587e+00
1.029436e+01 3.597761e-01 -9.221083e-01 2.676166e+00
1.030285e+01 3.588227e-01 -9.214609e-01 2.676778e+00
1.031170e+01 3.578191e-01 -9.208144e-01 2.677401e+00
1.032056e+01 3.568030e-01 -9.201920e-01 2.678019e+00
1.032913e+01 3.558104e-01 -9.196149e-01 2.678622e+00
1.033709e+01 3.548750e-01 -9.191021e-01 2.679200e+00
1.034421e+01 3.540271e-01 -9.186696e-01 2.679743e+00
1.035028e+01 3.532931e-01 -9.183300e-01 2.680236e+00
1.035515e+01 3.526942e-01 -9.180920e-01 2.680658e+00
1.035871e+01 3.522454e-01 -9.179601e-01 2.680983e+00
1.036094e+01 3.519545e-01 -9.179339e-01 2.681189e+00
1.036184e+01 3.518212e-01 -9.180079e-01 2.681259e+00
1.036150e+01 3.518365e-01 -9.181715e-01 2.681190e+00
1.036003e+01 3.519831e-01 -9.184092e-01 2.680996e+00
1.035759e+01 3.522369e-01 -9.187022e-01 2.680711e+00
1.035436e+01 3.525693e-01 -9.190299e-01 2.680380e+00
1.035055e+01 3.529509e-01 -9.193719e-01 2.680052e+00
1.034637e+01 3.533550e-01 -9.197108e-01 2.679767e+00
1.034205e+01 3.537615e-01 -9.200333e-01 2.679546e+00
1.033778e+01 3.541586e-01 -9.203322e-01 2.679385e+00
1.033377e+01 3.545433e-01 -9.206052e-01 2.679256e+00
1.033018e+01 3.549180e-01 -9.208535e-01 2.679118e+00
1.032715e+01 3.552866e-01 -9.210788e-01 2.678930e+00
1.032480e+01 3.556468e-01 -9.212791e-01 2.678671e+00
1.032319e+01 3.559845e-01 -9.214456e-01 2.678353e+00
1.032237e+01 3.562700e-01 -9.215611e-01 2.678026e+00
1.032234e+01 3.564583e-01 -9.216010e-01 2.677768e+00
1.032308e+01 3.564968e-01 -9.215381e-01 2.677664e+00
1.032452e+01 3.563375e-01 -9.213506e-01 2.677782e+00
1.032654e+01 3.559550e-01 -9.210322e-01 2.678141e+00
1.032901e+01 3.553633e-01 -9.206010e-01 2.678695e+00
1.033176e+01 3.546287e-01 -9.201052e-01 2.679338e+00
1.033251e+01 3.547881e-01 -9.201877e-01 2.679184e+00
1.033333e+01 3.549648e-01 -9.202791e-01 2.679012e+00
1.033416e+01 3.551414e-01 -9.203704e-01 2.678841e+00
1.033490e+01 3.553007e-01 -9.204528e-01 2.678687e+00
1.033550e+01 3.554271e-01 -9.205182e-01 2.678564e+00
1.033587e+01 3.555082e-01 -9.205602e-01 2.678486e+00
1.033601e+01 3.555361e-01 -9.205747e-01 2.678459e+00
1.033587e+01 3.555082e-01 -9.205602e-01 2.678486e+00
1.033550e+01 3.554271e-01 -9.205182e-01 2.678564e+00
1.033490e+01 3.553007e-01 -9.204528e-01 2.678687e+00
1.033416e+01 3.551414e-01 -9.203704e-01 2.678841e+00
1.033333e+01 3.549648e-01 -9.202791e-01 2.679012e+00
1.033251e+01 3.547881e-01 -9.201877e-01 2.679184e+00
1.033176e+01 3.546287e-01 -9.201052e-01 2.679338e+00
1.032901e+01 3.553633e-01 -9.206010e-01 2.678695e+00
1.032654e+01 3.559550e-01 -9.210322e-01 2.678141e+00
1.032452e+01 3.563375e-01 -9.213506e-01 2.677782e+00
1.032308e+01 3.564968e-01 -9.215381e-01 2.677664e+00
1.032234e+01 3.564583e-01 -9.216010e-01 2.677768e+00
1.032237e+01 3.562700e-01 -9.215611e-01 2.678026e+00
1.032319e+01 3.559845e-01 -9.214456e-01 2.678353e+00
1.032480e+01 3.556468e-01 -9.212791e-01 2.678671e+00
1.032715e+01 3.552866e-01 -9.210788e-01 2.678930e+00
1.033018e+01 3.549180e-01 -9.208535e-01 2.679118e+00
1.033377e+01 3.545433e-01 -9.206052e-01 2.679256e+00
1.033778e+01 3.541586e-01 -9.203322e-01 2.679385e+00
1.034205e+01 3.537615e-01 -9.200333e-01 2.679546e+00
1.034637e+01 3.533550e-01 -9.197108e-01 2.679767e+00
1.035055e+01 3.529509e-01 -9.193719e-01 2.680052e+00
1.035436e+01 3.525693e-01 -9.190299e-01 2.680380e+00
1.035759e+01 3.522369e-01 -9.187022e-01 2.680711e+00
1.036003e+01 3.519831e-01 -9.184092e-01 2.680996e+00
1.036150e+01 3.518365e-01 -9.181715e-01 2.681190e+00
1.036184e+01 3.518212e-01 -9.180079e-01 2.681259e+00
1.036094e+01 3.519545e-01 -9.179339e-01 2.681189e+00
1.035871e+01 3.522454e-01 -9.179601e-01 2.680983e+00
1.035515e+01 3.526942e-01 -9.180920e-01 2.680658e+00
1.035028e+01 3.532931e-01 -9.183300e-01 2.680236e+00
1.034421e+01 3.540271e-01 -9.186696e-01 2.679743e+00
1.033709e+01 3.548750e-01 -9.191021e-01 2.679200e+00
1.032913e+01 3.558104e-01 -9.196149e-01 2.678622e+00
1.032056e+01 3.568030e-01 -9.201920e-01 2.678019e+00
1.031170e+01 3.578191e-01 -9.208144e-01 2.677401e+00
1.030285e+01 3.588227e-01 -9.214609e-01 2.676778e+00
1.029436e+01 3.597761e-01 -9.221083e-01 2.676166e+00
1.028657e+01 3.606413e-01 -9.227321e-01 2.675587e+00
1.027982e+01 3.613812e-01 -9.233073e-01 2.675069e+00
1.027442e+01 3.619611e-01 -9.238095e-01 2.674641e+00
1.027065e+01 3.623499e-01 -9.242159e-01 2.674334e+00
1.026874e+01 3.625222e-01 -9.245060e-01 2.674171e+00
1.026886e+01 3.624593e-01 -9.246632e-01 2.674170e+00
1.027111e+01 3.621507e-01 -9.246755e-01 2.674341e+00
1.027551e+01 3.615949e-01 -9.245360e-01 2.674681e+00
1.028200e+01 3.607996e-01 -9.242440e-01 2.675183e+00
1.029046e+01 3.597822e-01 -9.238046e-01 2.675831e+00
1.030066e+01 3.585689e-01 -9.232292e-01 2.676602e+00
1.031231e+01 3.571943e-01 -9.225348e-01 2.677473e+00
1.032507e+01 3.556997e-01 -9.217436e-01 2.678418e+00
1.033854e+01 3.541318e-01 -9.208821e-01 2.679408e+00
1.035228e+01 3.525411e-01 -9.199799e-01 2.680413e+00
1.036582e+01 3.509795e-01 -9.190691e-01 2.681403e+00
1.037871e+01 3.494990e-01 -9.181824e-01 2.682346e+00
1.039051e+01 3.481490e-01 -9.173522e-01 2.683210e+00
1.040079e+01 3.469751e-01 -9.166091e-01 2.683965e+00
1.040920e+01 3.460166e-01 -9.159809e-01 2.684585e+00
1.041544e+01 3.453059e-01 -9.154912e-01 2.685045e+00
1.041928e+01 3.448663e-01 -9.151587e-01 2.685329e+00
1.042060e+01 3.447116e-01 -9.149958e-01 2.685427e+00
1.041936e+01 3.448453e-01 -9.150089e-01 2.685336e+00
1.041563e+01 3.452604e-01 -9.151970e-01 2.685061e+00
1.040955e+01 3.459392e-01 -9.155524e-01 2.684614e+00
1.040137e+01 3.468544e-01 -9.160602e-01 2.684014e+00
1.039143e+01 3.479699e-01 -9.166992e-01 2.683285e+00
1.038013e+01 3.492417e-01 -9.174424e-01 2.682456e+00
1.036791e+01 3.506205e-01 -9.182582e-01 2.681560e+00
1.035526e+01 3.520529e-01 -9.191114e-01 2.680630e+00
1.034267e+01 3.534842e-01 -9.199649e-01 2.679704e+00
1.033065e+01 3.548605e-01 -9.207810e-01 2.678815e+00
1.031962e+01 3.561316e-01 -9.215237e-01 2.677999e+00
1.031001e+01 3.572531e-01 -9.221597e-01 2.677284e+00
1.030214e+01 3.581886e-01 -9.226609e-01 2.676697e+00
1.029625e+01 3.589120e-01 -9.230051e-01 2.676256e+00
1.029247e+01 3.594084e-01 -9.231781e-01 2.675972e+00
1.029083e+01 3.596758e-01 -9.231739e-01 2.675849e+00
1.029124e+01 3.597245e-01 -9.229957e-01 2.675879e+00
1.029349e+01 3.595777e-01 -9.226561e-01 2.676047e+00
1.029728e+01 3.592698e-01 -9.221765e-01 2.676331e+00
1.031438e+01 3.572254e-01 -9.212754e-01 2.677605e+00
1.033333e+01 3.549648e-01 -9.202791e-01 2.679012e+00
1.035227e+01 3.527101e-01 -9.192853e-01 2.680413e+00
1.036935e+01 3.506812e-01 -9.183911e-01 2.681672e+00
1.038290e+01 3.490744e-01 -9.176829e-01 2.682667e+00
1.039160e+01 3.480444e-01 -9.172290e-01 2.683304e+00
1.039459e+01 3.476897e-01 -9.170727e-01 2.683524e+00
1.039160e+01 3.480444e-01 -9.172290e-01 2.683304e+00
1.038290e+01 3.490744e-01 -9.176829e-01 2.682667e+00
1.036935e+01 3.506812e-01 -9.183911e-01 2.681672e+00
1.035227e+01 3.527101e-01 -9.192853e-01 2.680413e+00
1.033333e+01 3.549648e-01 -9.202791e-01 2.679012e+00
1.031438e+01 3.572254e-01 -9.212754e-01 2.677605e+00
1.031239e+01 3.573868e-01 -9.215271e-01 2.677457e+00
1.031121e+01 3.574637e-01 -9.217053e-01 2.677369e+00
1.031099e+01 3.574380e-01 -9.217988e-01 2.677353e+00
1.031186e+01 3.572978e-01 -9.218011e-01 2.677418e+00
1.031384e+01 3.570374e-01 -9.217105e-01 2.677566e+00
1.031694e+01 3.566579e-01 -9.215300e-01 2.677797e+00
1.032108e+01 3.561669e-01 -9.212670e-01 2.678105e+00
1.032613e+01 3.555780e-01 -9.209331e-01 2.678480e+00
1.033192e+01 3.549100e-01 -9.205429e-01 2.678909e+00
1.033824e+01 3.541862e-01 -9.201138e-01 2.679376e+00
1.034486e+01 3.534328e-01 -9.196648e-01 2.679864e+00
1.035152e+01 3.526783e-01 -9.192154e-01 2.680354e+00
1.035794e+01 3.519514e-01 -9.187855e-01 2.680828e+00
1.036389e+01 3.512803e-01 -9.183934e-01 2.681266e+00
1.036912e+01 3.506914e-01 -9.180561e-01 2.681652e+00
1.037342e+01 3.502079e-01 -9.177879e-01 2.681970e+00
1.037662e+01 3.498491e-01 -9.176001e-01 2.682207e+00
1.037859e+01 3.496297e-01 -9.175006e-01 2.682353e+00
1.037924e+01 3.495590e-01 -9.174936e-01 2.682401e+00
1.037854e+01 3.496408e-01 -9.175795e-01 2.682349e+00
1.037652e+01 3.498732e-01 -9.177552e-01 2.682198e+00
1.037324e+01 3.502488e-01 -9.180138e-01 2.681954e+00
1.036881e+01 3.507551e-01 -9.183454e-01 2.681626e+00
1.036340e+01 3.513748e-01 -9.187374e-01 2.681226e+00
1.035720e+01 3.520870e-01 -9.191752e-01 2.680769e+00
1.035042e+01 3.528674e-01 -9.196423e-01 2.680271e+00
1.034329e+01 3.536898e-01 -9.201217e-01 2.679749e+00
1.033607e+01 3.545268e-01 -9.205961e-01 2.679220e+00
1.032899e+01 3.553510e-01 -9.210488e-01 2.678700e+00
1.032228e+01 3.561361e-01 -9.214642e-01 2.678204e+00
1.031616e+01 3.568576e-01 -9.218284e-01 2.677748e+00
1.031080e+01 3.574939e-01 -9.221300e-01 2.677344e+00
1.030636e+01 3.580272e-01 -9.223601e-01 2.677005e+00
1.030295e+01 3.584438e-01 -9.225128e-01 2.676743e+00
1.030063e+01 3.587350e-01 -9.225857e-01 2.676565e+00
1.029945e+01 3.588966e-01 -9.225791e-01 2.676476e+00
1.029939e+01 3.589295e-01 -9.224966e-01 2.676476e+00
1.030039e+01 3.588394e-01 -9.223445e-01 2.676561e+00
1.030237e+01 3.586358e-01 -9.221316e-01 2.676722e+00
1.030521e+01 3.583322e-01 -9.218683e-01 2.676945e+00
1.030876e+01 3.579445e-01 -9.215667e-01 2.677216e+00
1.031285e+01 3.574910e-01 -9.212395e-01 2.677519e+00
1.031731e+01 3.569910e-01 -9.208998e-01 2.677839e+00
1.032196e+01 3.564643e-01 -9.205603e-01 2.678166e+00
1.032662e+01 3.559308e-01 -9.202333e-01 2.678491e+00
1.033112e+01 3.554093e-01 -9.199299e-01 2.678807e+00
1.033531e+01 3.549176e-01 -9.196602e-01 2.679111e+00
1.033905e+01 3.544716e-01 -9.194326e-01 2.679397e+00
1.034224e+01 3.540854e-01 -9.192538e-01 2.679656e+00
1.034480e+01 3.537702e-01 -9.191284e-01 2.679878e+00
1.034668e+01 3.535339e-01 -9.190589e-01 2.680050e+00
1.034785e+01 3.533808e-01 -9.190451e-01 2.680159e+00
1.034833e+01 3.533106e-01 -9.190840e-01 2.680195e+00
1.034815e+01 3.533187e-01 -9.191700e-01 2.680159e+00
1.034737e+01 3.533959e-01 -9.192951e-01 2.680057e+00
1.034609e+01 3.535295e-01 -9.194494e-01 2.679907e+00
1.034439e+01 3.537045e-01 -9.196219e-01 2.679733e+00
1.034238e+01 3.539054e-01 -9.198019e-01 2.679560e+00
1.034019e+01 3.541181e-01 -9.199802e-01 2.679410e+00
1.033791e+01 3.543320e-01 -9.201498e-01 2.679293e+00
1.033567e+01 3.545409e-01 -9.203070e-01 2.679208e+00
1.033356e+01 3.547432e-01 -9.204505e-01 2.679141e+00
1.033168e+01 3.549402e-01 -9.205810e-01 2.679068e+00
1.033008e+01 3.551339e-01 -9.206994e-01 2.678969e+00
1.032885e+01 3.553232e-01 -9.208046e-01 2.678833e+00
1.032800e+01 3.555007e-01 -9.208922e-01 2.678666e+00
1.032757e+01 3.556507e-01 -9.209529e-01 2.678494e+00
1.032756e+01 3.557498e-01 -9.209739e-01 2.678358e+00
1.032795e+01 3.557700e-01 -9.209408e-01 2.678304e+00
1.032870e+01 3.556863e-01 -9.208423e-01 2.678366e+00
1.032976e+01 3.554853e-01 -9.206750e-01 2.678554e+00
1.033106e+01 3.551743e-01 -9.204483e-01 2.678846e+00
1.033333e+01 3.549648e-01 -9.202791e-01 2.679012e+00
1.033560e+01 3.547553e-01 -9.201099e-01 2.679179e+00
1.033765e+01 3.545665e-01 -9.199573e-01 2.679329e+00
1.033928e+01 3.544166e-01 -9.198363e-01 2.679448e+00
1.034032e+01 3.543204e-01 -9.197586e-01 2.679525e+00
1.034068e+01 3.542873e-01 -9.197318e-01 2.679551e+00
1.034032e+01 3.543204e-01 -9.197586e-01 2.679525e+00
1.033928e+01 3.544166e-01 -9.198363e-01 2.679448e+00
1.033765e+01 3.545665e-01 -9.199573e-01 2.679329e+00
1.033560e+01 3.547553e-01 -9.201099e-01 2.679179e+00
1.033333e+01 3.549648e-01 -9.202791e-01 2.679012e+00
1.033106e+01 3.551743e-01 -9.204483e-01 2.678846e+00
1.032976e+01 3.554853e-01 -9.206750e-01 2.678554e+00
1.032870e+01 3.556863e-01 -9.208423e-01 2.678366e+00
1.032795e+01 3.557700e-01 -9.209408e-01 2.678304e+00
1.032756e+01 3.557498e-01 -9.209739e-01 2.678358e+00
1.032757e+01 3.556507e-01 -9.209529e-01 2.678494e+00
1.032800e+01 3.555007e-01 -9.208922e-01 2.678666e+00
1.032885e+01 3.553232e-01 -9.208046e-01 2.678833e+00
1.033008e+01 3.551339e-01 -9.206994e-01 2.678969e+00
1.033168e+01 3.549402e-01 -9.205810e-01 2.679068e+00
1.033356e+01 3.547432e-01 -9.204505e-01 2.679141e+00
1.033567e+01 3.545409e-01 -9.203070e-01 2.679208e+00
1.033791e+01 3.543320e-01 -9.201498e-01 2.679293e+00
1.034019e+01 3.541181e-01 -9.199802e-01 2.679410e+00
1.034238e+01 3.539054e-01 -9.198019e-01 2.679560e+00
1.034439e+01 3.537045e-01 -9.196219e-01 2.679733e+00
1.034609e+01 3.535295e-01 -9.194494e-01 2.679907e+00
1.034737e+01 3.533959e-01 -9.192951e-01 2.680057e+00
1.034815e+01 3.533187e-01 -9.191700e-01 2.680159e+00
1.034833e+01 3.533106e-01 -9.190840e-01 2.680195e+00
1.034785e+01 3.533808e-01 -9.190451e-01 2.680159e+00
1.034668e+01 3.535339e-01 -9.190589e-01 2.680050e+00
1.034480e+01 3.537702e-01 -9.191284e-01 2.679878e+00
1.034224e+01 3.540854e-01 -9.192538e-01 2.679656e+00
1.033905e+01 3.544716e-01 -9.194326e-01 2.679397e+00
1.033531e+01 3.549176e-01 -9.196602e-01 2.679111e+00
1.033112e+01 3.554093e-01 -9.199299e-01 2.678807e+00
1.032662e+01 3.559308e-01 -9.202333e-01 2.678491e+00
1.032196e+01 3.564643e-01 -9.205603e-01 2.678166e+00
1.031731e+01 3.569910e-01 -9.208998e-01 2.677839e+00
1.031285e+01 3.574910e-01 -9.212395e-01 2.677519e+00
1.030876e+01 3.579445e-01 -9.215667e-01 2.677216e+00
1.030521e+01 3.583322e-01 -9.218683e-01 2.676945e+00
1.030237e+01 3.586358e-01 -9.221316e-01 2.676722e+00
1.030039e+01 3.588394e-01 -9.223445e-01 2.676561e+00
1.029939e+01 3.589295e-01 -9.224966e-01 2.676476e+00
1.029945e+01 3.588966e-01 -9.225791e-01 2.676476e+00
1.030063e+01 3.587350e-01 -9.225857e-01 2.676565e+00
1.030295e+01 3.584438e-01 -9.225128e-01 2.676743e+00
1.030636e+01 3.580272e-01 -9.223601e-01 2.677005e+00
1.031080e+01 3.574939e-01 -9.221300e-01 2.677344e+00
1.031616e+01 3.568576e-01 -9.218284e-01 2.677748e+00
1.032228e+01 3.561361e-01 -9.214642e-01 2.678204e+00
1.032899e+01 3.553510e-01 -9.210488e-01 2.678700e+00
1.033607e+01 3.545268e-01 -9.205961e-01 2.679220e+00
1.034329e+01 3.536898e-01 -9.201217e-01 2.679749e+00
1.035042e+01 3.528674e-01 -9.196423e-01 2.680271e+00
1.035720e+01 3.520870e-01 -9.191752e-01 2.680769e+00
1.036340e+01 3.513748e-01 -9.187374e-01 2.681226e+00
1.036881e+01 3.507551e-01 -9.183454e-01 2.681626e+00
1.037324e+01 3.502488e-01 -9.180138e-01 2.681954e+00
1.037652e+01 3.498732e-01 -9.177552e-01 2.682198e+00
1.037854e+01 3.496408e-01 -9.175795e-01 2.682349e+00
1.037924e+01 3.495590e-01 -9.174936e-01 2.682401e+00
1.037859e+01 3.496297e-01 -9.175006e-01 2.682353e+00
1.037662e+01 3.498491e-01 -9.176001e-01 2.682207e+00
1.037342e+01 3.502079e-01 -9.177879e-01 2.681970e+00
1.036912e+01 3.506914e-01 -9.180561e-01 2.681652e+00
1.036389e+01 3.512803e-01 -9.183934e-01 2.681266e+00
1.035794e+01 3.519514e-01 -9.187855e-01 2.680828e+00
1.035152e+01 3.526783e-01 -9.192154e-01 2.680354e+00
1.034486e+01 3.534328e-01 -9.196648e-01 2.679864e+00
1.033824e+01 3.541862e-01 -9.201138e-01 2.679376e+00
1.033192e+01 3.549100e-01 -9.205429e-01 2.678909e+00
1.032613e+01 3.555780e-01 -9.209331e-01 2.678480e+00
1.032108e+01 3.561669e-01 -9.212670e-01 2.678105e+00
1.031694e+01 3.566579e-01 -9.215300e-01 2.677797e+00
1.031384e+01 3.570374e-01 -9.217105e-01 2.677566e+00
1.031186e+01 3.572978e-01 -9.218011e-01 2.677418e+00
1.031099e+01 3.574380e-01 -9.217988e-01 2.677353e+00
1.031121e+01 3.574637e-01 -9.217053e-01 2.677369e+00
1.031239e+01 3.573868e-01 -9.215271e-01 2.677457e+00
1.033333e+01 3.549648e-01 -9.202791e-01 2.679012e+00
1.035426e+01 3.525498e-01 -9.190346e-01 2.680560e+00
1.037314e+01 3.503772e-01 -9.179151e-01 2.681951e+00
1.038811e+01 3.486571e-01 -9.170286e-01 2.683050e+00
1.039772e+01 3.475545e-01 -9.164605e-01 2.683753e+00
1.040103e+01 3.471749e-01 -9.162649e-01 2.683995e+00
1.039772e+01 3.475545e-01 -9.164605e-01 2.683753e+00
1.038811e+01 3.486571e-01 -9.170286e-01 2.683050e+00
1.037314e+01 3.503772e-01 -9.179151e-01 2.681951e+00
1.035426e+01 3.525498e-01 -9.190346e-01 2.680560e+00
1.033333e+01 3.549648e-01 -9.202791e-01 2.679012e+00
1.033333e+01 3.549648e-01 -9.202791e-01 2.679012e+00
1.033333e+01 3.549648e-01 -9.202791e-01 2.679012e+00
1.033333e+01 3.549648e-01 -9.202791e-01 2.679012e+00
1.033333e+01 3.549648e-01 -9.202791e-01 2.679012e+00
1.033333e+01 3.549648e-01 -9.202791e-01 2.679012e+00
1.033333e+01 3.549648e-01 -9.202791e-01 2.679012e+00
1.033333e+01 3.549648e-01 -9.202791e-01 2.679012e+00
1.033333e+01 3.549648e-01 -9.202791e-01 2.679012e+00
1.033333e+01 3.549648e-01 -9.202791e-01 2.679012e+00
1.033333e+01 3.549648e-01 -9.202791e-01 2.679012e+00
1.033333e+01 3.549648e-01 -9.202791e-01 2.679012e+00
1.033333e+01 3.549648e-01 -9.202791e-01 2.679012e+00
1.033333e+01 3.549648e-01 -9.202791e-01 2.679012e+00
1.033333e+01 3.549648e-01 -9.202791e-01 2.679012e+00
1.033333e+01 3.549648e-01 -9.202791e-01 2.679012e+00
1.033333e+01 3.549648e-01 -9.202791e-01 2.679012e+00
1.033333e+01 3.549648e-01 -9.202791e-01 2.679012e+00
1.033333e+01 3.549648e-01 -9.202791e-01 2.679012e+00
1.033333e+01 3.549648e-01 -9.202791e-01 2.679012e+00
1.033333e+01 3.549648e-01 -9.202791e-01 2.679012e+00
1.033333e+01 3.549648e-01 -9.202791e-01 2.679012e+00
1.033333e+01 3.549648e-01 -9.202791e-01 2.679012e+00
1.033333e+01 3.549648e-01 -9.202791e-01 2.679012e+00
1.033333e+01 3.549648e-01 -9.202791e-01 2.679012e+00
1.033333e+01 3.549648e-01 -9.202791e-01 2.679012e+00
1.033333e+01 3.549648e-01 -9.202791e-01 2.679012e+00
1.033333e+01 3.549648e-01 -9.202791e-01 2.679012e+00
1.033333e+01 3.549648e-01 -9.202791e-01 2.679012e+00
1.033333e+01 3.549648e-01 -9.202791e-01 2.679012e+00
1.033333e+01 3.549648e-01 -9.202791e-01 2.679012e+00
1.033333e+01 3.549648e-01 -9.202791e-01 2.679012e+00
1.033333e+01 3.549648e-01 -9.202791e-01 2.679012e+00
1.033333e+01 3.549648e-01 -9.202791e-01 2.679012e+00
1.033333e+01 3.549648e-01 -9.202791e-01 2.679012e+00
1.033333e+01 3.549648e-01 -9.202791e-01 2.679012e+00
1.033333e+01 3.549648e-01 -9.202791e-01 2.679012e+00
1.033333e+01 3.549648e-01 -9.202791e-01 2.679012e+00
1.033333e+01 3.549648e-01 -9.202791e-01 2.679012e+00
1.033333e+01 3.549648e-01 -9.202791e-01 2.679012e+00
1.033333e+01 3.549648e-01 -9.202791e-01 2.679012e+00
1.033333e+01 3.549648e-01 -9.202791e-01 2.679012e+00
1.033333e+01 3.549648e-01 -9.202791e-01 2.679012e+00
1.033333e+01 3.549648e-01 -9.202791e-01 2.679012e+00
1.033333e+01 3.549648e-01 -9.202791e-01 2.679012e+00
1.033333e+01 3.549648e-01 -9.202791e-01 2.679012e+00
1.033333e+01 3.549648e-01 -9.202791e-01 2.679012e+00
1.033333e+01 3.549648e-01 -9.202791e-01 2.679012e+00
1.033333e+01 3.549648e-01 -9.202791e-01 2.679012e+00
1.033333e+01 3.549648e-01 -9.202791e-01 2.679012e+00
1.033333e+01 3.549648e-01 -9.202791e-01 2.679012e+00
1.033333e+01 3.549648e-01 -9.202791e-01 2.679012e+00
1.033333e+01 3.549648e-01 -9.202791e-01 2.679012e+00
1.033333e+01 3.549648e-01 -9.202791e-01 2.679012e+00
1.033333e+01 3.549648e-01 -9.202791e-01 2.679012e+00
1.033333e+01 3.549648e-01 -9.202791e-01 2.679012e+00
1.033333e+01 3.549648e-01 -9.202791e-01 2.679012e+00
1.033333e+01 3.549648e-01 -9.202791e-01 2.679012e+00
1.033333e+01 3.549648e-01 -9.202791e-01 2.679012e+00
1.033333e+01 3.549648e-01 -9.202791e-01 2.679012e+00
1.033333e+01 3.549648e-01 -9.202791e-01 2.679012e+00
1.033333e+01 3.549648e-01 -9.202791e-01 2.679012e+00
1.033333e+01 3.549648e-01 -9.202791e-01 2.679012e+00
1.033333e+01 3.549648e-01 -9.202791e-01 2.679012e+00
1.033333e+01 3.549648e-01 -9.202791e-01 2.679012e+00
1.033333e+01 3.549648e-01 -9.202791e-01 2.679012e+00
1.033333e+01 3.549648e-01 -9.202791e-01 2.679012e+00
1.033333e+01 3.549648e-01 -9.202791e-01 2.679012e+00
1.033333e+01 3.549648e-01 -9.202791e-01 2.679012e+00
1.033333e+01 3.549648e-01 -9.202791e-01 2.679012e+00
1.033333e+01 3.549648e-01 -9.202791e-01 2.679012e+00
1.033690e+01 3.544445e-01 -9.198833e-01 2.679470e+00
1.034012e+01 3.539752e-01 -9.195264e-01 2.679883e+00
1.034268e+01 3.536030e-01 -9.192433e-01 2.680210e+00
1.034432e+01 3.533640e-01 -9.190615e-01 2.680420e+00
1.034488e+01 3.532817e-01 -9.189989e-01 2.680493e+00
1.034432e+01 3.533640e-01 -9.190615e-01 2.680420e+00
1.034268e+01 3.536030e-01 -9.192433e-01 2.680210e+00
1.034012e+01 3.539752e-01 -9.195264e-01 2.679883e+00
1.033690e+01 3.544445e-01 -9.198833e-01 2.679470e+00
1.033333e+01 3.549648e-01 -9.202791e-01 2.679012e+00
1.033333e+01 3.549648e-01 -9.202791e-01 2.679012e+00
1.033333e+01 3.549648e-01 -9.202791e-01 2.679012e+00
1.033333e+01 3.549648e-01 -9.202791e-01 2.679012e+00
1.033333e+01 3.549648e-01 -9.202791e-01 2.679012e+00
1.033333e+01 3.549648e-01 -9.202791e-01 2.679012e+00
1.033333e+01 3.549648e-01 -9.202791e-01 2.679012e+00
1.033333e+01 3.549648e-01 -9.202791e-01 2.679012e+00
1.033333e+01 3.549648e-01 -9.202791e-01 2.679012e+00
1.033333e+01 3.549648e-01 -9.202791e-01 2.679012e+00
1.033333e+01 3.549648e-01 -9.202791e-01 2.679012e+00
1.033333e+01 3.549648e-01 -9.202791e-01 2.679012e+00
1.033333e+01 3.549648e-01 -9.202791e-01 2.679012e+00
1.033333e+01 3.549648e-01 -9.202791e-01 2.679012e+00
1.033333e+01 3.549648e-01 -9.202791e-01 2.679012e+00
1.033333e+01 3.549648e-01 -9.202791e-01 2.679012e+00
1.033333e+01 3.549648e-01 -9.202791e-01 2.679012e+00
1.033333e+01 3.549648e-01 -9.202791e-01 2.679012e+00
1.033333e+01 3.549648e-01 -9.202791e-01 2.679012e+00
1.033333e+01 3.549648e-01 -9.202791e-01 2.679012e+00
1.033333e+01 3.549648e-01 -9.202791e-01 2.679012e+00
1.033333e+01 3.549648e-01 -9.202791e-01 2.679012e+00
1.033333e+01 3.549648e-01 -9.202791e-01 2.679012e+00
1.033333e+01 3.549648e-01 -9.202791e-01 2.679012e+00
1.033333e+01 3.549648e-01 -9.202791e-01 2.679012e+00
1.033333e+01 3.549648e-01 -9.202791e-01 2.679012e+00
1.033333e+01 3.549648e-01 -9.202791e-01 2.679012e+00
1.033333e+01 3.549648e-01 -9.202791e-01 2.679012e+00
1.033333e+01 3.549648e-01 -9.202791e-01 2.679012e+00
1.033333e+01 3.549648e-01 -9.202791e-01 2.679012e+00
1.033333e+01 3.549648e-01 -9.202791e-01 2.679012e+00
1.033333e+01 3.549648e-01 -9.202791e-01 2.679012e+00
1.033333e+01 3.549648e-01 -9.202791e-01 2.679012e+00
1.033333e+01 3.549648e-01 -9.202791e-01 2.679012e+00
1.033333e+01 3.549648e-01 -9.202791e-01 2.679012e+00
1.033333e+01 3.549648e-01 -9.202791e-01 2.679012e+00
1.033333e+01 3.549648e-01 -9.202791e-01 2.679012e+00
1.033333e+01 3.549648e-01 -9.202791e-01 2.679012e+00
1.033333e+01 3.549648e-01 -9.202791e-01 2.679012e+00
1.033333e+01 3.549648e-01 -9.202791e-01 2.679012e+00
1.033333e+01 3.549648e-01 -9.202791e-01 2.679012e+00
1.033333e+01 3.549648e-01 -9.202791e-01 2.679012e+00
1.033333e+01 3.549648e-01 -9.202791e-01 2.679012e+00
1.033333e+01 3.549648e-01 -9.202791e-01 2.679012e+00
1.033333e+01 3.549648e-01 -9.202791e-01 2.679012e+00
1.033333e+01 3.549648e-01 -9.202791e-01 2.679012e+00
1.033333e+01 3.549648e-01 -9.202791e-01 2.679012e+00
1.033333e+01 3.549648e-01 -9.202791e-01 2.679012e+00
1.033333e+01 3.549648e-01 -9.202791e-01 2.679012e+00
1.033333e+01 3.549648e-01 -9.202791e-01 2.679012e+00
1.033333e+01 3.549648e-01 -9.202791e-01 2.679012e+00
1.033333e+01 3.549648e-01 -9.202791e-01 2.679012e+00
1.033333e+01 3.549648e-01 -9.202791e-01 2.679012e+00
1.033333e+01 3.549648e-01 -9.202791e-01 2.679012e+00
1.033333e+01 3.549648e-01 -9.202791e-01 2.679012e+00
1.033333e+01 3.549648e-01 -9.202791e-01 2.679012e+00
1.033333e+01 3.549648e-01 -9.202791e-01 2.679012e+00
1.033333e+01 3.549648e-01 -9.202791e-01 2.679012e+00
1.033333e+01 3.549648e-01 -9.202791e-01 2.679012e+00
1.033333e+01 3.549648e-01 -9.202791e-01 2.679012e+00
1.033333e+01 3.549648e-01 -9.202791e-01 2.679012e+00
1.033333e+01 3.549648e-01 -9.202791e-01 2.679012e+00
1.033333e+01 3.549648e-01 -9.202791e-01 2.679012e+00
1.033333e+01 3.549648e-01 -9.202791e-01 2.679012e+00
1.033333e+01 3.549648e-01 -9.202791e-01 2.679012e+00
1.033333e+01 3.549648e-01 -9.202791e-01 2.679012e+00
1.033333e+01 3.549648e-01 -9.202791e-01 2.679012e+00
1.033333e+01 3.549648e-01 -9.202791e-01 2.679012e+00
1.033333e+01 3.549648e-01 -9.202791e-01 2.679012e+00
1.033333e+01 3.549648e-01 -9.202791e-01 2.679012e+00
1.035545e+01 3.524735e-01 -9.188572e-01 2.680648e+00
1.037539e+01 3.502327e-01 -9.175782e-01 2.682116e+00
1.039120e+01 3.484587e-01 -9.165657e-01 2.683276e+00
1.040135e+01 3.473217e-01 -9.159167e-01 2.684019e+00
1.040485e+01 3.469304e-01 -9.156933e-01 2.684275e+00
1.040135e+01 3.473217e-01 -9.159167e-01 2.684019e+00
1.039120e+01 3.484587e-01 -9.165657e-01 2.683276e+00
1.037539e+01 3.502327e-01 -9.175782e-01 2.682116e+00
1.035545e+01 3.524735e-01 -9.188572e-01 2.680648e+00
1.035566e+01 3.524992e-01 -9.187640e-01 2.680663e+00
1.035480e+01 3.526387e-01 -9.187615e-01 2.680599e+00
1.035282e+01 3.528977e-01 -9.188515e-01 2.680452e+00
1.034972e+01 3.532755e-01 -9.190310e-01 2.680223e+00
1.034559e+01 3.537647e-01 -9.192928e-01 2.679917e+00
1.034054e+01 3.543522e-01 -9.196257e-01 2.679544e+00
1.033475e+01 3.550196e-01 -9.200153e-01 2.679116e+00
1.032842e+01 3.557439e-01 -9.204444e-01 2.678648e+00
1.032180e+01 3.564992e-01 -9.208944e-01 2.678158e+00
1.031514e+01 3.572570e-01 -9.213454e-01 2.677664e+00
1.030871e+01 3.579885e-01 -9.217778e-01 2.677186e+00
1.030275e+01 3.586648e-01 -9.221727e-01 2.676742e+00
1.029751e+01 3.592594e-01 -9.225131e-01 2.676350e+00
1.029320e+01 3.597481e-01 -9.227841e-01 2.676027e+00
1.028999e+01 3.601112e-01 -9.229741e-01 2.675785e+00
1.028802e+01 3.603334e-01 -9.230750e-01 2.675636e+00
1.028737e+01 3.604050e-01 -9.230823e-01 2.675587e+00
1.028807e+01 3.603222e-01 -9.229955e-01 2.675640e+00
1.029010e+01 3.600869e-01 -9.228181e-01 2.675794e+00
1.029339e+01 3.597069e-01 -9.225569e-01 2.676043e+00
1.029782e+01 3.591952e-01 -9.222223e-01 2.676377e+00
1.030324e+01 3.585697e-01 -9.218271e-01 2.676783e+00
1.030946e+01 3.578521e-01 -9.213866e-01 2.677246e+00
1.031624e+01 3.570672e-01 -9.209174e-01 2.677749e+00
1.032337e+01 3.562416e-01 -9.204367e-01 2.678274e+00
1.033060e+01 3.554030e-01 -9.199619e-01 2.678804e+00
1.033767e+01 3.545788e-01 -9.195098e-01 2.679324e+00
1.034438e+01 3.537953e-01 -9.190958e-01 2.679818e+00
1.035050e+01 3.530765e-01 -9.187334e-01 2.680272e+00
1.035585e+01 3.524436e-01 -9.184340e-01 2.680672e+00
1.036029e+01 3.519138e-01 -9.182058e-01 2.681007e+00
1.036370e+01 3.515003e-01 -9.180547e-01 2.681266e+00
1.036600e+01 3.512116e-01 -9.179828e-01 2.681441e+00
1.036718e+01 3.510513e-01 -9.179898e-01 2.681529e+00
1.036724e+01 3.510186e-01 -9.180719e-01 2.681529e+00
1.036624e+01 3.511078e-01 -9.182230e-01 2.681445e+00
1.036427e+01 3.513095e-01 -9.184345e-01 2.681286e+00
1.036144e+01 3.516105e-01 -9.186960e-01 2.681066e+00
1.035789e+01 3.519953e-01 -9.189958e-01 2.680798e+00
1.035381e+01 3.524458e-01 -9.193214e-01 2.680498e+00
1.034935e+01 3.529431e-01 -9.196598e-01 2.680181e+00
1.034470e+01 3.534676e-01 -9.199983e-01 2.679856e+00
1.034004e+01 3.539997e-01 -9.203248e-01 2.679533e+00
1.033554e+01 3.545204e-01 -9.206281e-01 2.679217e+00
1.033136e+01 3.550120e-01 -9.208981e-01 2.678913e+00
1.032761e+01 3.554583e-01 -9.211262e-01 2.678627e+00
1.032442e+01 3.558452e-01 -9.213056e-01 2.678367e+00
1.032186e+01 3.561612e-01 -9.214315e-01 2.678144e+00
1.031998e+01 3.563982e-01 -9.215014e-01 2.677971e+00
1.031881e+01 3.565519e-01 -9.215155e-01 2.677862e+00
1.031834e+01 3.566223e-01 -9.214766e-01 2.677825e+00
1.031851e+01 3.566142e-01 -9.213904e-01 2.677862e+00
1.031929e+01 3.565367e-01 -9.212649e-01 2.677964e+00
1.032058e+01 3.564027e-01 -9.211103e-01 2.678115e+00
1.032228e+01 3.562271e-01 -9.209374e-01 2.678290e+00
1.032428e+01 3.560256e-01 -9.207569e-01 2.678464e+00
1.032648e+01 3.558124e-01 -9.205783e-01 2.678614e+00
1.032875e+01 3.555980e-01 -9.204084e-01 2.678731e+00
1.033099e+01 3.553888e-01 -9.202511e-01 2.678816e+00
1.033310e+01 3.551864e-01 -9.201077e-01 2.678884e+00
1.033499e+01 3.549893e-01 -9.199772e-01 2.678957e+00
1.033658e+01 3.547958e-01 -9.198590e-01 2.679056e+00
1.033782e+01 3.546066e-01 -9.197539e-01 2.679192e+00
1.033867e+01 3.544293e-01 -9.196665e-01 2.679358e+00
1.033910e+01 3.542793e-01 -9.196058e-01 2.679530e+00
1.033911e+01 3.541803e-01 -9.195847e-01 2.679666e+00
1.033872e+01 3.541600e-01 -9.196177e-01 2.679720e+00
1.033797e+01 3.542435e-01 -9.197161e-01 2.679658e+00
1.034214e+01 3.535931e-01 -9.192084e-01 2.680241e+00
1.034546e+01 3.530771e-01 -9.188056e-01 2.680702e+00
1.034758e+01 3.527459e-01 -9.185471e-01 2.680999e+00
1.034832e+01 3.526318e-01 -9.184580e-01 2.681101e+00
1.034758e+01 3.527459e-01 -9.185471e-01 2.680999e+00
1.034546e+01 3.530771e-01 -9.188056e-01 2.680702e+00
1.034214e+01 3.535931e-01 -9.192084e-01 2.680241e+00
1.033797e+01 3.542435e-01 -9.197161e-01 2.679658e+00
1.033872e+01 3.541600e-01 -9.196177e-01 2.679720e+00
1.033911e+01 3.541803e-01 -9.195847e-01 2.679666e+00
1.033910e+01 3.542793e-01 -9.196058e-01 2.679530e+00
1.033867e+01 3.544293e-01 -9.196665e-01 2.679358e+00
1.033782e+01 3.546066e-01 -9.197539e-01 2.679192e+00
1.033658e+01 3.547958e-01 -9.198590e-01 2.679056e+00
1.033499e+01 3.549893e-01 -9.199772e-01 2.678957e+00
1.033310e+01 3.551864e-01 -9.201077e-01 2.678884e+00
1.033099e+01 3.553888e-01 -9.202511e-01 2.678816e+00
1.032875e+01 3.555980e-01 -9.204084e-01 2.678731e+00
1.032648e+01 3.558124e-01 -9.205783e-01 2.678614e+00
1.032428e+01 3.560256e-01 -9.207569e-01 2.678464e+00
1.032228e+01 3.562271e-01 -9.209374e-01 2.678290e+00
1.032058e+01 3.564027e-01 -9.211103e-01 2.678115e+00
1.031929e+01 3.565367e-01 -9.212649e-01 2.677964e+00
1.031851e+01 3.566142e-01 -9.213904e-01 2.677862e+00
1.031834e+01 3.566223e-01 -9.214766e-01 2.677825e+00
1.031881e+01 3.565519e-01 -9.215155e-01 2.677862e+00
1.031998e+01 3.563982e-01 -9.215014e-01 2.677971e+00
1.032186e+01 3.561612e-01 -9.214315e-01 2.678144e+00
1.032442e+01 3.558452e-01 -9.213056e-01 2.678367e+00
1.032761e+01 3.554583e-01 -9.211262e-01 2.678627e+00
1.033136e+01 3.550120e-01 -9.208981e-01 2.678913e+00
1.033554e+01 3.545204e-01 -9.206281e-01 2.679217e+00
1.034004e+01 3.539997e-01 -9.203248e-01 2.679533e+00
1.034470e+01 3.534676e-01 -9.199983e-01 2.679856e+00
1.034935e+01 3.529431e-01 -9.196598e-01 2.680181e+00
1.035381e+01 3.524458e-01 -9.193214e-01 2.680498e+00
1.035789e+01 3.519953e-01 -9.189958e-01 2.680798e+00
1.036144e+01 3.516105e-01 -9.186960e-01 2.681066e+00
1.036427e+01 3.513095e-01 -9.184345e-01 2.681286e+00
1.036624e+01 3.511078e-01 -9.182230e-01 2.681445e+00
1.036724e+01 3.510186e-01 -9.180719e-01 2.681529e+00
1.036718e+01 3.510513e-01 -9.179898e-01 2.681529e+00
1.036600e+01 3.512116e-01 -9.179828e-01 2.681441e+00
1.036370e+01 3.515003e-01 -9.180547e-01 2.681266e+00
1.036029e+01 3.519138e-01 -9.182058e-01 2.681007e+00
1.035585e+01 3.524436e-01 -9.184340e-01 2.680672e+00
1.035050e+01 3.530765e-01 -9.187334e-01 2.680272e+00
1.034438e+01 3.537953e-01 -9.190958e-01 2.679818e+00
1.033767e+01 3.545788e-01 -9.195098e-01 2.679324e+00
1.033060e+01 3.554030e-01 -9.199619e-01 2.678804e+00
1.032337e+01 3.562416e-01 -9.204367e-01 2.678274e+00
1.031624e+01 3.570672e-01 -9.209174e-01 2.677749e+00
1.030946e+01 3.578521e-01 -9.213866e-01 2.677246e+00
1.030324e+01 3.585697e-01 -9.218271e-01 2.676783e+00
1.029782e+01 3.591952e-01 -9.222223e-01 2.676377e+00
1.029339e+01 3.597069e-01 -9.225569e-01 2.676043e+00
1.029010e+01 3.600869e-01 -9.228181e-01 2.675794e+00
1.028807e+01 3.603222e-01 -9.229955e-01 2.675640e+00
1.028737e+01 3.604050e-01 -9.230823e-01 2.675587e+00
1.028802e+01 3.603334e-01 -9.230750e-01 2.675636e+00
1.028999e+01 3.601112e-01 -9.229741e-01 2.675785e+00
1.029320e+01 3.597481e-01 -9.227841e-01 2.676027e+00
1.029751e+01 3.592594e-01 -9.225131e-01 2.676350e+00
1.030275e+01 3.586648e-01 -9.221727e-01 2.676742e+00
1.030871e+01 3.579885e-01 -9.217778e-01 2.677186e+00
1.031514e+01 3.572570e-01 -9.213454e-01 2.677664e+00
1.032180e+01 3.564992e-01 -9.208944e-01 2.678158e+00
1.032842e+01 3.557439e-01 -9.204444e-01 2.678648e+00
1.033475e+01 3.550196e-01 -9.200153e-01 2.679116e+00
1.034054e+01 3.543522e-01 -9.196257e-01 2.679544e+00
1.034559e+01 3.537647e-01 -9.192928e-01 2.679917e+00
1.034972e+01 3.532755e-01 -9.190310e-01 2.680223e+00
1.035282e+01 3.528977e-01 -9.188515e-01 2.680452e+00
1.035480e+01 3.526387e-01 -9.187615e-01 2.680599e+00
1.035566e+01 3.524992e-01 -9.187640e-01 2.680663e+00
1.037579e+01 3.502814e-01 -9.174012e-01 2.682146e+00
1.039176e+01 3.485257e-01 -9.163224e-01 2.683317e+00
1.040201e+01 3.474006e-01 -9.156310e-01 2.684067e+00
1.040554e+01 3.470132e-01 -9.153930e-01 2.684325e+00
1.040201e+01 3.474006e-01 -9.156310e-01 2.684067e+00
1.039176e+01 3.485257e-01 -9.163224e-01 2.683317e+00
1.037579e+01 3.502814e-01 -9.174012e-01 2.682146e+00
1.037415e+01 3.505462e-01 -9.173964e-01 2.682024e+00
1.037038e+01 3.510378e-01 -9.175670e-01 2.681746e+00
1.036450e+01 3.517548e-01 -9.179075e-01 2.681312e+00
1.035664e+01 3.526839e-01 -9.184045e-01 2.680732e+00
1.034704e+01 3.538002e-01 -9.190368e-01 2.680023e+00
1.033602e+01 3.550690e-01 -9.197773e-01 2.679209e+00
1.032399e+01 3.564473e-01 -9.205937e-01 2.678319e+00
1.031139e+01 3.578855e-01 -9.214503e-01 2.677385e+00
1.029872e+01 3.593299e-01 -9.223096e-01 2.676443e+00
1.028648e+01 3.607250e-01 -9.231342e-01 2.675529e+00
1.027514e+01 3.620162e-01 -9.238879e-01 2.674680e+00
1.026516e+01 3.631519e-01 -9.245379e-01 2.673929e+00
1.025696e+01 3.640861e-01 -9.250559e-01 2.673309e+00
1.025085e+01 3.647803e-01 -9.254193e-01 2.672845e+00
1.024710e+01 3.652054e-01 -9.256123e-01 2.672560e+00
1.024586e+01 3.653425e-01 -9.256265e-01 2.672465e+00
1.024719e+01 3.651841e-01 -9.254608e-01 2.672568e+00
1.025105e+01 3.647341e-01 -9.251216e-01 2.672863e+00
1.025731e+01 3.640074e-01 -9.246226e-01 2.673341e+00
1.026576e+01 3.630295e-01 -9.239835e-01 2.673982e+00
1.027608e+01 3.618347e-01 -9.232292e-01 2.674759e+00
1.028790e+01 3.604650e-01 -9.223889e-01 2.675644e+00
1.030082e+01 3.589680e-01 -9.214945e-01 2.676604e+00
1.031438e+01 3.573949e-01 -9.205790e-01 2.677606e+00
1.032812e+01 3.557984e-01 -9.196757e-01 2.678616e+00
1.034159e+01 3.542308e-01 -9.188162e-01 2.679605e+00
1.035434e+01 3.527418e-01 -9.180299e-01 2.680543e+00
1.036598e+01 3.513769e-01 -9.173422e-01 2.681403e+00
1.037615e+01 3.501759e-01 -9.167744e-01 2.682161e+00
1.038459e+01 3.491712e-01 -9.163422e-01 2.682795e+00
1.039106e+01 3.483873e-01 -9.160559e-01 2.683284e+00
1.039545e+01 3.478402e-01 -9.159202e-01 2.683616e+00
1.039769e+01 3.475365e-01 -9.159337e-01 2.683782e+00
1.039781e+01 3.474744e-01 -9.160896e-01 2.683782e+00
1.039591e+01 3.476433e-01 -9.163762e-01 2.683623e+00
1.039215e+01 3.480253e-01 -9.167773e-01 2.683324e+00
1.038677e+01 3.485958e-01 -9.172733e-01 2.682907e+00
1.038004e+01 3.493251e-01 -9.178420e-01 2.682400e+00
1.037227e+01 3.501795e-01 -9.184598e-01 2.681833e+00
1.036379e+01 3.511232e-01 -9.191022e-01 2.681231e+00
1.035496e+01 3.521189e-01 -9.197454e-01 2.680616e+00
1.034610e+01 3.531297e-01 -9.203661e-01 2.680003e+00
1.033754e+01 3.541196e-01 -9.209429e-01 2.679402e+00
1.032957e+01 3.550547e-01 -9.214567e-01 2.678824e+00
1.032245e+01 3.559039e-01 -9.218910e-01 2.678279e+00
1.031637e+01 3.566404e-01 -9.222328e-01 2.677783e+00
1.031151e+01 3.572422e-01 -9.224727e-01 2.677358e+00
1.030794e+01 3.576936e-01 -9.226061e-01 2.677030e+00
1.030571e+01 3.579863e-01 -9.226330e-01 2.676822e+00
1.030480e+01 3.581204e-01 -9.225590e-01 2.676751e+00
1.030514e+01 3.581050e-01 -9.223948e-01 2.676821e+00
1.030661e+01 3.579574e-01 -9.221559e-01 2.677016e+00
1.030906e+01 3.577020e-01 -9.218614e-01 2.677304e+00
1.031230e+01 3.573676e-01 -9.215321e-01 2.677637e+00
1.031611e+01 3.569839e-01 -9.211886e-01 2.677968e+00
1.032029e+01 3.565777e-01 -9.208485e-01 2.678255e+00
1.032462e+01 3.561696e-01 -9.205251e-01 2.678477e+00
1.032888e+01 3.557714e-01 -9.202259e-01 2.678639e+00
1.033289e+01 3.553863e-01 -9.199530e-01 2.678768e+00
1.033648e+01 3.550115e-01 -9.197051e-01 2.678907e+00
1.033951e+01 3.546434e-01 -9.194803e-01 2.679095e+00
1.034187e+01 3.542838e-01 -9.192805e-01 2.679353e+00
1.034348e+01 3.539466e-01 -9.191142e-01 2.679670e+00
1.034430e+01 3.536614e-01 -9.189988e-01 2.679996e+00
1.034432e+01 3.534730e-01 -9.189587e-01 2.680254e+00
1.034358e+01 3.534343e-01 -9.190213e-01 2.680358e+00
1.034743e+01 3.528586e-01 -9.185482e-01 2.680863e+00
1.034990e+01 3.524891e-01 -9.182446e-01 2.681188e+00
1.035076e+01 3.523618e-01 -9.181400e-01 2.681300e+00
1.034990e+01 3.524891e-01 -9.182446e-01 2.681188e+00
1.034743e+01 3.528586e-01 -9.185482e-01 2.680863e+00
1.034358e+01 3.534343e-01 -9.190213e-01 2.680358e+00
1.034432e+01 3.534730e-01 -9.189587e-01 2.680254e+00
1.034430e+01 3.536614e-01 -9.189988e-01 2.679996e+00
1.034348e+01 3.539466e-01 -9.191142e-01 2.679670e+00
1.034187e+01 3.542838e-01 -9.192805e-01 2.679353e+00
1.033951e+01 3.546434e-01 -9.194803e-01 2.679095e+00
1.033648e+01 3.550115e-01 -9.197051e-01 2.678907e+00
1.033289e+01 3.553863e-01 -9.199530e-01 2.678768e+00
1.032888e+01 3.557714e-01 -9.202259e-01 2.678639e+00
1.032462e+01 3.561696e-01 -9.205251e-01 2.678477e+00
1.032029e+01 3.565777e-01 -9.208485e-01 2.678255e+00
1.031611e+01 3.569839e-01 -9.211886e-01 2.677968e+00
1.031230e+01 3.573676e-01 -9.215321e-01 2.677637e+00
1.030906e+01 3.577020e-01 -9.218614e-01 2.677304e+00
1.030661e+01 3.579574e-01 -9.221559e-01 2.677016e+00
1.030514e+01 3.581050e-01 -9.223948e-01 2.676821e+00
1.030480e+01 3.581204e-01 -9.225590e-01 2.676751e+00
1.030571e+01 3.579863e-01 -9.226330e-01 2.676822e+00
1.030794e+01 3.576936e-01 -9.226061e-01 2.677030e+00
1.031151e+01 3.572422e-01 -9.224727e-01 2.677358e+00
1.031637e+01 3.566404e-01 -9.222328e-01 2.677783e+00
1.032245e+01 3.559039e-01 -9.218910e-01 2.678279e+00
1.032957e+01 3.550547e-01 -9.214567e-01 2.678824e+00
1.033754e+01 3.541196e-01 -9.209429e-01 2.679402e+00
1.034610e+01 3.531297e-01 -9.203661e-01 2.680003e+00
1.035496e+01 3.521189e-01 -9.197454e-01 2.680616e+00
1.036379e+01 3.511232e-01 -9.191022e-01 2.681231e+00
1.037227e+01 3.501795e-01 -9.184598e-01 2.681833e+00
1.038004e+01 3.493251e-01 -9.178420e-01 2.682400e+00
1.038677e+01 3.485958e-01 -9.172733e-01 2.682907e+00
1.039215e+01 3.480253e-01 -9.167773e-01 2.683324e+00
1.039591e+01 3.476433e-01 -9.163762e-01 2.683623e+00
1.039781e+01 3.474744e-01 -9.160896e-01 2.683782e+00
1.039769e+01 3.475365e-01 -9.159337e-01 2.683782e+00
1.039545e+01 3.478402e-01 -9.159202e-01 2.683616e+00
1.039106e+01 3.483873e-01 -9.160559e-01 2.683284e+00
1.038459e+01 3.491712e-01 -9.163422e-01 2.682795e+00
1.037615e+01 3.501759e-01 -9.167744e-01 2.682161e+00
1.036598e+01 3.513769e-01 -9.173422e-01 2.681403e+00
1.035434e+01 3.527418e-01 -9.180299e-01 2.680543e+00
1.034159e+01 3.542308e-01 -9.188162e-01 2.679605e+00
1.032812e+01 3.557984e-01 -9.196757e-01 2.678616e+00
1.031438e+01 3.573949e-01 -9.205790e-01 2.677606e+00
1.030082e+01 3.589680e-01 -9.214945e-01 2.676604e+00
1.028790e+01 3.604650e-01 -9.223889e-01 2.675644e+00
1.027608e+01 3.618347e-01 -9.232292e-01 2.674759e+00
1.026576e+01 3.630295e-01 -9.239835e-01 2.673982e+00
1.025731e+01 3.640074e-01 -9.246226e-01 2.673341e+00
1.025105e+01 3.647341e-01 -9.251216e-01 2.672863e+00
1.024719e+01 3.651841e-01 -9.254608e-01 2.672568e+00
1.024586e+01 3.653425e-01 -9.256265e-01 2.672465e+00
1.024710e+01 3.652054e-01 -9.256123e-01 2.672560e+00
1.025085e+01 3.647803e-01 -9.254193e-01 2.672845e+00
1.025696e+01 3.640861e-01 -9.250559e-01 2.673309e+00
1.026516e+01 3.631519e-01 -9.245379e-01 2.673929e+00
1.027514e+01 3.620162e-01 -9.238879e-01 2.674680e+00
1.028648e+01 3.607250e-01 -9.231342e-01 2.675529e+00
1.029872e+01 3.593299e-01 -9.223096e-01 2.676443e+00
1.031139e+01 3.578855e-01 -9.214503e-01 2.677385e+00
1.032399e+01 3.564473e-01 -9.205937e-01 2.678319e+00
1.033602e+01 3.550690e-01 -9.197773e-01 2.679209e+00
1.034704e+01 3.538002e-01 -9.190368e-01 2.680023e+00
1.035664e+01 3.526839e-01 -9.184045e-01 2.680732e+00
1.036450e+01 3.517548e-01 -9.179075e-01 2.681312e+00
1.037038e+01 3.510378e-01 -9.175670e-01 2.681746e+00
1.037415e+01 3.505462e-01 -9.173964e-01 2.682024e+00
1.038951e+01 3.488895e-01 -9.163156e-01 2.683151e+00
1.039936e+01 3.478277e-01 -9.156229e-01 2.683872e+00
1.040276e+01 3.474622e-01 -9.153844e-01 2.684120e+00
1.039936e+01 3.478277e-01 -9.156229e-01 2.683872e+00
1.038951e+01 3.488895e-01 -9.163156e-01 2.683151e+00
1.038432e+01 3.495649e-01 -9.165498e-01 2.682769e+00
1.037622e+01 3.505502e-01 -9.170176e-01 2.682173e+00
1.036541e+01 3.518273e-01 -9.177005e-01 2.681376e+00
1.035220e+01 3.533624e-01 -9.185699e-01 2.680403e+00
1.033703e+01 3.551082e-01 -9.195885e-01 2.679283e+00
1.032047e+01 3.570058e-01 -9.207122e-01 2.678058e+00
1.030313e+01 3.589871e-01 -9.218920e-01 2.676771e+00
1.028569e+01 3.609783e-01 -9.230764e-01 2.675471e+00
1.026882e+01 3.629028e-01 -9.242136e-01 2.674208e+00
1.025321e+01 3.646850e-01 -9.252538e-01 2.673034e+00
1.023947e+01 3.662535e-01 -9.261513e-01 2.671995e+00
1.022817e+01 3.675443e-01 -9.268669e-01 2.671135e+00
1.021976e+01 3.685039e-01 -9.273693e-01 2.670493e+00
1.021459e+01 3.690916e-01 -9.276363e-01 2.670097e+00
1.021288e+01 3.692812e-01 -9.276560e-01 2.669966e+00
1.021471e+01 3.690622e-01 -9.274271e-01 2.670108e+00
1.022003e+01 3.684400e-01 -9.269586e-01 2.670518e+00
1.022866e+01 3.674357e-01 -9.262694e-01 2.671181e+00
1.024029e+01 3.660846e-01 -9.253868e-01 2.672068e+00
1.025450e+01 3.644346e-01 -9.243457e-01 2.673144e+00
1.027079e+01 3.625442e-01 -9.231865e-01 2.674368e+00
1.028858e+01 3.604794e-01 -9.219534e-01 2.675693e+00
1.030725e+01 3.583112e-01 -9.206921e-01 2.677075e+00
1.032616e+01 3.561123e-01 -9.194484e-01 2.678467e+00
1.034470e+01 3.539547e-01 -9.182661e-01 2.679828e+00
1.036224e+01 3.519068e-01 -9.171850e-01 2.681117e+00
1.037826e+01 3.500307e-01 -9.162403e-01 2.682298e+00
1.039226e+01 3.483807e-01 -9.154606e-01 2.683338e+00
1.040386e+01 3.470011e-01 -9.148676e-01 2.684206e+00
1.041277e+01 3.459252e-01 -9.144751e-01 2.684877e+00
1.041880e+01 3.451743e-01 -9.142892e-01 2.685332e+00
1.042188e+01 3.447577e-01 -9.143081e-01 2.685559e+00
1.042205e+01 3.446723e-01 -9.145224e-01 2.685558e+00
1.041943e+01 3.449040e-01 -9.149159e-01 2.685341e+00
1.041427e+01 3.454280e-01 -9.154666e-01 2.684931e+00
1.040686e+01 3.462108e-01 -9.161477e-01 2.684360e+00
1.039760e+01 3.472118e-01 -9.169288e-01 2.683666e+00
1.038691e+01 3.483852e-01 -9.177775e-01 2.682888e+00
1.037525e+01 3.496815e-01 -9.186606e-01 2.682062e+00
1.036309e+01 3.510500e-01 -9.195449e-01 2.681217e+00
1.035090e+01 3.524399e-01 -9.203988e-01 2.680374e+00
1.033912e+01 3.538016e-01 -9.211927e-01 2.679549e+00
1.032815e+01 3.550885e-01 -9.219001e-01 2.678753e+00
1.031835e+01 3.562578e-01 -9.224984e-01 2.678002e+00
1.030999e+01 3.572721e-01 -9.229693e-01 2.677319e+00
1.030329e+01 3.581011e-01 -9.233001e-01 2.676733e+00
1.029837e+01 3.587231e-01 -9.234840e-01 2.676280e+00
1.029530e+01 3.591264e-01 -9.235212e-01 2.675993e+00
1.029405e+01 3.593113e-01 -9.234193e-01 2.675896e+00
1.029452e+01 3.592901e-01 -9.231932e-01 2.675992e+00
1.029655e+01 3.590867e-01 -9.228641e-01 2.676262e+00
1.029992e+01 3.587347e-01 -9.224583e-01 2.676658e+00
1.030438e+01 3.582738e-01 -9.220047e-01 2.677118e+00
1.030963e+01 3.577451e-01 -9.215315e-01 2.677573e+00
1.031538e+01 3.571856e-01 -9.210631e-01 2.677969e+00
1.032134e+01 3.566235e-01 -9.206178e-01 2.678275e+00
1.032721e+01 3.560751e-01 -9.202059e-01 2.678498e+00
1.033273e+01 3.555449e-01 -9.198303e-01 2.678676e+00
1.033767e+01 3.550291e-01 -9.194891e-01 2.678867e+00
1.034184e+01 3.545225e-01 -9.191799e-01 2.679126e+00
1.034508e+01 3.540277e-01 -9.189050e-01 2.679481e+00
1.034729e+01 3.535637e-01 -9.186763e-01 2.679917e+00
1.034842e+01 3.531713e-01 -9.185174e-01 2.680366e+00
1.034845e+01 3.529120e-01 -9.184622e-01 2.680721e+00
1.035110e+01 3.525520e-01 -9.181435e-01 2.681020e+00
1.035202e+01 3.524279e-01 -9.180337e-01 2.681123e+00
1.035110e+01 3.525520e-01 -9.181435e-01 2.681020e+00
1.034845e+01 3.529120e-01 -9.184622e-01 2.680721e+00
1.034842e+01 3.531713e-01 -9.185174e-01 2.680366e+00
1.034729e+01 3.535637e-01 -9.186763e-01 2.679917e+00
1.034508e+01 3.540277e-01 -9.189050e-01 2.679481e+00
1.034184e+01 3.545225e-01 -9.191799e-01 2.679126e+00
1.033767e+01 3.550291e-01 -9.194891e-01 2.678867e+00
1.033273e+01 3.555449e-01 -9.198303e-01 2.678676e+00
1.032721e+01 3.560751e-01 -9.202059e-01 2.678498e+00
1.032134e+01 3.566235e-01 -9.206178e-01 2.678275e+00
1.031538e+01 3.571856e-01 -9.210631e-01 2.677969e+00
1.030963e+01 3.577451e-01 -9.215315e-01 2.677573e+00
1.030438e+01 3.582738e-01 -9.220047e-01 2.677118e+00
1.029992e+01 3.587347e-01 -9.224583e-01 2.676658e+00
1.029655e+01 3.590867e-01 -9.228641e-01 2.676262e+00
1.029452e+01 3.592901e-01 -9.231932e-01 2.675992e+00
1.029405e+01 3.593113e-01 -9.234193e-01 2.675896e+00
1.029530e+01 3.591264e-01 -9.235212e-01 2.675993e+00
1.029837e+01 3.587231e-01 -9.234840e-01 2.676280e+00
1.030329e+01 3.581011e-01 -9.233001e-01 2.676733e+00
1.030999e+01 3.572721e-01 -9.229693e-01 2.677319e+00
1.031835e+01 3.562578e-01 -9.224984e-01 2.678002e+00
1.032815e+01 3.550885e-01 -9.219001e-01 2.678753e+00
1.033912e+01 3.538016e-01 -9.211927e-01 2.679549e+00
1.035090e+01 3.524399e-01 -9.203988e-01 2.680374e+00
1.036309e+01 3.510500e-01 -9.195449e-01 2.681217e+00
1.037525e+01 3.496815e-01 -9.186606e-01 2.682062e+00
1.038691e+01 3.483852e-01 -9.177775e-01 2.682888e+00
1.039760e+01 3.472118e-01 -9.169288e-01 2.683666e+00
1.040686e+01 3.462108e-01 -9.161477e-01 2.684360e+00
1.041427e+01 3.454280e-01 -9.154666e-01 2.684931e+00
1.041943e+01 3.449040e-01 -9.149159e-01 2.685341e+00
1.042205e+01 3.446723e-01 -9.145224e-01 2.685558e+00
1.042188e+01 3.447577e-01 -9.143081e-01 2.685559e+00
1.041880e+01 3.451743e-01 -9.142892e-01 2.685332e+00
1.041277e+01 3.459252e-01 -9.144751e-01 2.684877e+00
1.040386e+01 3.470011e-01 -9.148676e-01 2.684206e+00
1.039226e+01 3.483807e-01 -9.154606e-01 2.683338e+00
1.037826e+01 3.500307e-01 -9.162403e-01 2.682298e+00
1.036224e+01 3.519068e-01 -9.171850e-01 2.681117e+00
1.034470e+01 3.539547e-01 -9.182661e-01 2.679828e+00
1.032616e+01 3.561123e-01 -9.194484e-01 2.678467e+00
1.030725e+01 3.583112e-01 -9.206921e-01 2.677075e+00
1.028858e+01 3.604794e-01 -9.219534e-01 2.675693e+00
1.027079e+01 3.625442e-01 -9.231865e-01 2.674368e+00
1.025450e+01 3.644346e-01 -9.243457e-01 2.673144e+00
1.024029e+01 3.660846e-01 -9.253868e-01 2.672068e+00
1.022866e+01 3.674357e-01 -9.262694e-01 2.671181e+00
1.022003e+01 3.684400e-01 -9.269586e-01 2.670518e+00
1.021471e+01 3.690622e-01 -9.274271e-01 2.670108e+00
1.021288e+01 3.692812e-01 -9.276560e-01 2.669966e+00
1.021459e+01 3.690916e-01 -9.276363e-01 2.670097e+00
1.021976e+01 3.685039e-01 -9.273693e-01 2.670493e+00
1.022817e+01 3.675443e-01 -9.268669e-01 2.671135e+00
1.023947e+01 3.662535e-01 -9.261513e-01 2.671995e+00
1.025321e+01 3.646850e-01 -9.252538e-01 2.673034e+00
1.026882e+01 3.629028e-01 -9.242136e-01 2.674208e+00
1.028569e+01 3.609783e-01 -9.230764e-01 2.675471e+00
1.030313e+01 3.589871e-01 -9.218920e-01 2.676771e+00
1.032047e+01 3.570058e-01 -9.207122e-01 2.678058e+00
1.033703e+01 3.551082e-01 -9.195885e-01 2.679283e+00
1.035220e+01 3.533624e-01 -9.185699e-01 2.680403e+00
1.036541e+01 3.518273e-01 -9.177005e-01 2.681376e+00
1.037622e+01 3.505502e-01 -9.170176e-01 2.682173e+00
1.038432e+01 3.495649e-01 -9.165498e-01 2.682769e+00
1.039326e+01 3.486208e-01 -9.158977e-01 2.683424e+00
1.039634e+01 3.482957e-01 -9.156732e-01 2.683649e+00
1.039326e+01 3.486208e-01 -9.158977e-01 2.683424e+00
1.038375e+01 3.497779e-01 -9.164470e-01 2.682724e+00
1.037104e+01 3.512778e-01 -9.172490e-01 2.681790e+00
1.035551e+01 3.530815e-01 -9.182703e-01 2.680646e+00
1.033768e+01 3.551334e-01 -9.194673e-01 2.679331e+00
1.031821e+01 3.573645e-01 -9.207883e-01 2.677890e+00
1.029783e+01 3.596950e-01 -9.221759e-01 2.676375e+00
1.027731e+01 3.620381e-01 -9.235695e-01 2.674845e+00
1.025748e+01 3.643038e-01 -9.249080e-01 2.673357e+00
1.023912e+01 3.664027e-01 -9.261329e-01 2.671972e+00
1.022297e+01 3.682506e-01 -9.271902e-01 2.670746e+00
1.020967e+01 3.697719e-01 -9.280335e-01 2.669732e+00
1.019978e+01 3.709031e-01 -9.286257e-01 2.668974e+00
1.019370e+01 3.715960e-01 -9.289405e-01 2.668506e+00
1.019169e+01 3.718195e-01 -9.289640e-01 2.668352e+00
1.019384e+01 3.715613e-01 -9.286943e-01 2.668519e+00
1.020010e+01 3.708278e-01 -9.281423e-01 2.669004e+00
1.021025e+01 3.696440e-01 -9.273301e-01 2.669786e+00
1.022393e+01 3.680517e-01 -9.262904e-01 2.670833e+00
1.024064e+01 3.661080e-01 -9.250643e-01 2.672103e+00
1.025980e+01 3.638818e-01 -9.236996e-01 2.673545e+00
1.028071e+01 3.614512e-01 -9.222484e-01 2.675107e+00
1.030267e+01 3.588999e-01 -9.207648e-01 2.676733e+00
1.032490e+01 3.563139e-01 -9.193025e-01 2.678371e+00
1.034669e+01 3.537775e-01 -9.179130e-01 2.679971e+00
1.036732e+01 3.513711e-01 -9.166431e-01 2.681485e+00
1.038614e+01 3.491676e-01 -9.155338e-01 2.682871e+00
1.040259e+01 3.472303e-01 -9.146187e-01 2.684091e+00
1.041623e+01 3.456109e-01 -9.139229e-01 2.685109e+00
1.042669e+01 3.443483e-01 -9.134626e-01 2.685895e+00
1.043378e+01 3.434672e-01 -9.132448e-01 2.686428e+00
1.043741e+01 3.429784e-01 -9.132673e-01 2.686694e+00
1.043760e+01 3.428782e-01 -9.135189e-01 2.686694e+00
1.043453e+01 3.431499e-01 -9.139809e-01 2.686439e+00
1.042846e+01 3.437646e-01 -9.146272e-01 2.685959e+00
1.041976e+01 3.446831e-01 -9.154267e-01 2.685289e+00
1.040887e+01 3.458578e-01 -9.163437e-01 2.684475e+00
1.039631e+01 3.472350e-01 -9.173403e-01 2.683563e+00
1.038260e+01 3.487571e-01 -9.183774e-01 2.682595e+00
1.036831e+01 3.503644e-01 -9.194163e-01 2.681603e+00
1.035398e+01 3.519972e-01 -9.204197e-01 2.680613e+00
1.034014e+01 3.535975e-01 -9.213530e-01 2.679643e+00
1.032724e+01 3.551102e-01 -9.221849e-01 2.678707e+00
1.031572e+01 3.564851e-01 -9.228885e-01 2.677824e+00
1.030589e+01 3.576780e-01 -9.234426e-01 2.677021e+00
1.029801e+01 3.586531e-01 -9.238318e-01 2.676331e+00
1.029223e+01 3.593847e-01 -9.240482e-01 2.675798e+00
1.028862e+01 3.598593e-01 -9.240921e-01 2.675461e+00
1.028715e+01 3.600768e-01 -9.239724e-01 2.675346e+00
1.028771e+01 3.600518e-01 -9.237064e-01 2.675460e+00
1.029009e+01 3.598125e-01 -9.233193e-01 2.675776e+00
1.029405e+01 3.593984e-01 -9.228420e-01 2.676243e+00
1.029929e+01 3.588562e-01 -9.223084e-01 2.676784e+00
1.030547e+01 3.582343e-01 -9.217518e-01 2.677320e+00
1.031223e+01 3.575762e-01 -9.212010e-01 2.677785e+00
1.031923e+01 3.569150e-01 -9.206774e-01 2.678146e+00
1.032613e+01 3.562701e-01 -9.201931e-01 2.678408e+00
1.033262e+01 3.556467e-01 -9.197515e-01 2.678617e+00
1.033843e+01 3.550403e-01 -9.193505e-01 2.678842e+00
1.034333e+01 3.544449e-01 -9.189871e-01 2.679145e+00
1.034714e+01 3.538634e-01 -9.186640e-01 2.679563e+00
1.034974e+01 3.533180e-01 -9.183952e-01 2.680075e+00
1.035107e+01 3.528568e-01 -9.182084e-01 2.680603e+00
1.035198e+01 3.527484e-01 -9.181020e-01 2.680684e+00
1.035107e+01 3.528568e-01 -9.182084e-01 2.680603e+00
1.034974e+01 3.533180e-01 -9.183952e-01 2.680075e+00
1.034714e+01 3.538634e-01 -9.186640e-01 2.679563e+00
1.034333e+01 3.544449e-01 -9.189871e-01 2.679145e+00
1.033843e+01 3.550403e-01 -9.193505e-01 2.678842e+00
1.033262e+01 3.556467e-01 -9.197515e-01 2.678617e+00
1.032613e+01 3.562701e-01 -9.201931e-01 2.678408e+00
1.031923e+01 3.569150e-01 -9.206774e-01 2.678146e+00
1.031223e+01 3.575762e-01 -9.212010e-01 2.677785e+00
1.030547e+01 3.582343e-01 -9.217518e-01 2.677320e+00
1.029929e+01 3.588562e-01 -9.223084e-01 2.676784e+00
1.029405e+01 3.593984e-01 -9.228420e-01 2.676243e+00
1.029009e+01 3.598125e-01 -9.233193e-01 2.675776e+00
1.028771e+01 3.600518e-01 -9.237064e-01 2.675460e+00
1.028715e+01 3.600768e-01 -9.239724e-01 2.675346e+00
1.028862e+01 3.598593e-01 -9.240921e-01 2.675461e+00
1.029223e+01 3.593847e-01 -9.240482e-01 2.675798e+00
1.029801e+01 3.586531e-01 -9.238318e-01 2.676331e+00
1.030589e+01 3.576780e-01 -9.234426e-01 2.677021e+00
1.031572e+01 3.564851e-01 -9.228885e-01 2.677824e+00
1.032724e+01 3.551102e-01 -9.221849e-01 2.678707e+00
1.034014e+01 3.535975e-01 -9.213530e-01 2.679643e+00
1.035398e+01 3.519972e-01 -9.204197e-01 2.680613e+00
1.036831e+01 3.503644e-01 -9.194163e-01 2.681603e+00
1.038260e+01 3.487571e-01 -9.183774e-01 2.682595e+00
1.039631e+01 3.472350e-01 -9.173403e-01 2.683563e+00
1.040887e+01 3.458578e-01 -9.163437e-01 2.684475e+00
1.041976e+01 3.446831e-01 -9.154267e-01 2.685289e+00
1.042846e+01 3.437646e-01 -9.146272e-01 2.685959e+00
1.043453e+01 3.431499e-01 -9.139809e-01 2.686439e+00
1.043760e+01 3.428782e-01 -9.135189e-01 2.686694e+00
1.043741e+01 3.429784e-01 -9.132673e-01 2.686694e+00
1.043378e+01 3.434672e-01 -9.132448e-01 2.686428e+00
1.042669e+01 3.443483e-01 -9.134626e-01 2.685895e+00
1.041623e+01 3.456109e-01 -9.139229e-01 2.685109e+00
1.040259e+01 3.472303e-01 -9.146187e-01 2.684091e+00
1.038614e+01 3.491676e-01 -9.155338e-01 2.682871e+00
1.036732e+01 3.513711e-01 -9.166431e-01 2.681485e+00
1.034669e+01 3.537775e-01 -9.179130e-01 2.679971e+00
1.032490e+01 3.563139e-01 -9.193025e-01 2.678371e+00
1.030267e+01 3.588999e-01 -9.207648e-01 2.676733e+00
1.028071e+01 3.614512e-01 -9.222484e-01 2.675107e+00
1.025980e+01 3.638818e-01 -9.236996e-01 2.673545e+00
1.024064e+01 3.661080e-01 -9.250643e-01 2.672103e+00
1.022393e+01 3.680517e-01 -9.262904e-01 2.670833e+00
1.021025e+01 3.696440e-01 -9.273301e-01 2.669786e+00
1.020010e+01 3.708278e-01 -9.281423e-01 2.669004e+00
1.019384e+01 3.715613e-01 -9.286943e-01 2.668519e+00
1.019169e+01 3.718195e-01 -9.289640e-01 2.668352e+00
1.019370e+01 3.715960e-01 -9.289405e-01 2.668506e+00
1.019978e+01 3.709031e-01 -9.286257e-01 2.668974e+00
1.020967e+01 3.697719e-01 -9.280335e-01 2.669732e+00
1.022297e+01 3.682506e-01 -9.271902e-01 2.670746e+00
1.023912e+01 3.664027e-01 -9.261329e-01 2.671972e+00
1.025748e+01 3.643038e-01 -9.249080e-01 2.673357e+00
1.027731e+01 3.620381e-01 -9.235695e-01 2.674845e+00
1.029783e+01 3.596950e-01 -9.221759e-01 2.676375e+00
1.031821e+01 3.573645e-01 -9.207883e-01 2.677890e+00
1.033768e+01 3.551334e-01 -9.194673e-01 2.679331e+00
1.035551e+01 3.530815e-01 -9.182703e-01 2.680646e+00
1.037104e+01 3.512778e-01 -9.172490e-01 2.681790e+00
1.038375e+01 3.497779e-01 -9.164470e-01 2.682724e+00
1.038634e+01 3.495119e-01 -9.162505e-01 2.682914e+00
1.037298e+01 3.510886e-01 -9.170935e-01 2.681932e+00
1.035665e+01 3.529847e-01 -9.181671e-01 2.680730e+00
1.033791e+01 3.551421e-01 -9.194255e-01 2.679347e+00
1.031743e+01 3.574881e-01 -9.208145e-01 2.677832e+00
1.029600e+01 3.599391e-01 -9.222738e-01 2.676239e+00
1.027443e+01 3.624036e-01 -9.237395e-01 2.674629e+00
1.025358e+01 3.647871e-01 -9.251476e-01 2.673063e+00
1.023427e+01 3.669954e-01 -9.264362e-01 2.671605e+00
1.021728e+01 3.689399e-01 -9.275487e-01 2.670315e+00
1.020330e+01 3.705408e-01 -9.284362e-01 2.669247e+00
1.019290e+01 3.717313e-01 -9.290594e-01 2.668448e+00
1.018650e+01 3.724606e-01 -9.293908e-01 2.667956e+00
1.018438e+01 3.726959e-01 -9.294155e-01 2.667793e+00
1.018665e+01 3.724241e-01 -9.291318e-01 2.667970e+00
1.019323e+01 3.716521e-01 -9.285509e-01 2.668480e+00
1.020391e+01 3.704062e-01 -9.276962e-01 2.669304e+00
1.021829e+01 3.687306e-01 -9.266022e-01 2.670406e+00
1.023587e+01 3.666853e-01 -9.253122e-01 2.671743e+00
1.025601e+01 3.643431e-01 -9.238766e-01 2.673261e+00
1.027800e+01 3.617863e-01 -9.223501e-01 2.674905e+00
1.030109e+01 3.591029e-01 -9.207898e-01 2.676616e+00
1.032447e+01 3.563833e-01 -9.192522e-01 2.678338e+00
1.034738e+01 3.537165e-01 -9.177913e-01 2.680020e+00
1.036906e+01 3.511866e-01 -9.164565e-01 2.681611e+00
1.038885e+01 3.488704e-01 -9.152906e-01 2.683069e+00
1.040615e+01 3.468342e-01 -9.143288e-01 2.684350e+00
1.042049e+01 3.451324e-01 -9.135977e-01 2.685419e+00
1.043149e+01 3.438056e-01 -9.131142e-01 2.686246e+00
1.043895e+01 3.428798e-01 -9.128855e-01 2.686805e+00
1.044275e+01 3.423661e-01 -9.129091e-01 2.687084e+00
1.044296e+01 3.422609e-01 -9.131737e-01 2.687084e+00
1.043973e+01 3.425463e-01 -9.136591e-01 2.686817e+00
1.043334e+01 3.431922e-01 -9.143384e-01 2.686312e+00
1.042420e+01 3.441573e-01 -9.151785e-01 2.685609e+00
1.041276e+01 3.453917e-01 -9.161422e-01 2.684754e+00
1.039955e+01 3.468390e-01 -9.171897e-01 2.683796e+00
1.038514e+01 3.484388e-01 -9.182799e-01 2.682778e+00
1.037011e+01 3.501282e-01 -9.193720e-01 2.681736e+00
1.035505e+01 3.518447e-01 -9.204270e-01 2.680695e+00
1.034049e+01 3.535272e-01 -9.214082e-01 2.679675e+00
1.032693e+01 3.551177e-01 -9.222830e-01 2.678691e+00
1.031481e+01 3.565634e-01 -9.230230e-01 2.677763e+00
1.030448e+01 3.578179e-01 -9.236057e-01 2.676918e+00
1.029619e+01 3.588434e-01 -9.240151e-01 2.676193e+00
1.029012e+01 3.596129e-01 -9.242427e-01 2.675632e+00
1.028632e+01 3.601119e-01 -9.242890e-01 2.675277e+00
1.028477e+01 3.603408e-01 -9.241631e-01 2.675156e+00
1.028536e+01 3.603145e-01 -9.238834e-01 2.675276e+00
1.028786e+01 3.600628e-01 -9.234763e-01 2.675609e+00
1.029203e+01 3.596273e-01 -9.229743e-01 2.676099e+00
1.029754e+01 3.590570e-01 -9.224131e-01 2.676668e+00
1.030403e+01 3.584029e-01 -9.218278e-01 2.677232e+00
1.031114e+01 3.577108e-01 -9.212485e-01 2.677722e+00
1.031850e+01 3.570155e-01 -9.206979e-01 2.678101e+00
1.032576e+01 3.563374e-01 -9.201886e-01 2.678377e+00
1.033258e+01 3.556818e-01 -9.197244e-01 2.678597e+00
1.033869e+01 3.550442e-01 -9.193027e-01 2.678833e+00
1.034384e+01 3.544182e-01 -9.189206e-01 2.679152e+00
1.034785e+01 3.538067e-01 -9.185810e-01 2.679591e+00
1.035059e+01 3.532334e-01 -9.182984e-01 2.680130e+00
b1_s5 characteristic
b1_s4 plain
b1_s1 shock
p0: 1
b1_s4 plain
b1_v1 hp_deformable_free_pnt
b1_v1 hp_deformable_free_pnt
