1.0333333328803047e+01	9.2027907807518594e-01	2.6790123449518823e+00	
1.0333333328723711e+01	9.2027907808257592e-01	2.6790123449884553e+00	
1.0333333328305713e+01	9.2027907813525722e-01	2.6790123449994794e+00	
1.0333333327923391e+01	9.2027907818312915e-01	2.6790123450115959e+00	
1.0333333327589903e+01	9.2027907822444255e-01	2.6790123450249261e+00	
1.0333333327317698e+01	9.2027907825754329e-01	2.6790123450397823e+00	
1.0333333327117780e+01	9.2027907828096800e-01	2.6790123450565910e+00	
1.0333333326999016e+01	9.2027907829354183e-01	2.6790123450758285e+00	
1.0333333326967479e+01	9.2027907829446176e-01	2.6790123450979326e+00	
1.0333333327025967e+01	9.2027907828336308e-01	2.6790123451232364e+00	
1.0333333327173698e+01	9.2027907826035915e-01	2.6790123451519032e+00	
1.0333333327406239e+01	9.2027907822605293e-01	2.6790123451838967e+00	
1.0333333327715671e+01	9.2027907818151111e-01	2.6790123452189545e+00	
1.0333333328091017e+01	9.2027907812821230e-01	2.6790123452566026e+00	
1.0333333328518846e+01	9.2027907806795961e-01	2.6790123452961772e+00	
1.0333333328984084e+01	9.2027907800277708e-01	2.6790123453368748e+00	
1.0333333329470896e+01	9.2027907793478980e-01	2.6790123453778070e+00	
1.0333333329963608e+01	9.2027907786610053e-01	2.6790123454180623e+00	
1.0333333330447555e+01	9.2027907779867579e-01	2.6790123454567714e+00	
1.0333333330909838e+01	9.2027907773424622e-01	2.6790123454931623e+00	
1.0333333331339867e+01	9.2027907767423123e-01	2.6790123455265995e+00	
1.0333333331729735e+01	9.2027907761969141e-01	2.6790123455566182e+00	
1.0333333332074330e+01	9.2027907757131178e-01	2.6790123455829358e+00	
1.0333333332371268e+01	9.2027907752941318e-01	2.6790123456054502e+00	
1.0333333332620608e+01	9.2027907749398663e-01	2.6790123456242196e+00	
1.0333333332824479e+01	9.2027907746474746e-01	2.6790123456394430e+00	
1.0333333332986578e+01	9.2027907744119952e-01	2.6790123456514192e+00	
1.0333333333111668e+01	9.2027907742270398e-01	2.6790123456605186e+00	
1.0333333333205083e+01	9.2027907740854542e-01	2.6790123456671440e+00	
1.0333333333272284e+01	9.2027907739798986e-01	2.6790123456716990e+00	
1.0333333333318533e+01	9.2027907739033188e-01	2.6790123456745696e+00	
1.0333333333348605e+01	9.2027907738492809e-01	2.6790123456760973e+00	
1.0333333333366658e+01	9.2027907738122061e-01	2.6790123456765773e+00	
1.0333333333376137e+01	9.2027907737874393e-01	2.6790123456762478e+00	
1.0333333333379793e+01	9.2027907737712755e-01	2.6790123456752952e+00	
1.0333333333379718e+01	9.2027907737608694e-01	2.6790123456738590e+00	
1.0333333333377448e+01	9.2027907737541470e-01	2.6790123456720427e+00	
1.0333333333374041e+01	9.2027907737496506e-01	2.6790123456699235e+00	
1.0333333333370199e+01	9.2027907737464054e-01	2.6790123456675659e+00	
1.0333333333366342e+01	9.2027907737438108e-01	2.6790123456650385e+00	
1.0333333333362710e+01	9.2027907737415149e-01	2.6790123456624340e+00	
1.0333333333359409e+01	9.2027907737393422e-01	2.6790123456598880e+00	
1.0333333333356473e+01	9.2027907737372161e-01	2.6790123456576067e+00	
1.0333333333353888e+01	9.2027907737351211e-01	2.6790123456559023e+00	
1.0333333333351616e+01	9.2027907737330694e-01	2.6790123456552348e+00	
1.0333333333349623e+01	9.2027907737310866e-01	2.6790123456562767e+00	
1.0333333333347865e+01	9.2027907737291925e-01	2.6790123456599813e+00	
1.0333333333346312e+01	9.2027907737274073e-01	2.6790123456676942e+00	
1.0333333333344928e+01	9.2027907737257475e-01	2.6790123456812820e+00	
1.0333333333343690e+01	9.2027907737242132e-01	2.6790123457033115e+00	
1.0333333333342585e+01	9.2027907737228032e-01	2.6790123457372852e+00	
1.0333333333341596e+01	9.2027907737215164e-01	2.6790123457879407e+00	
1.0333333333340704e+01	9.2027907737203507e-01	2.6790123458616453e+00	
1.0333333333339906e+01	9.2027907737192949e-01	2.6790123459669126e+00	
1.0333333333339189e+01	9.2027907737183456e-01	2.6790123461150572e+00	
1.0333333333338548e+01	9.2027907737174919e-01	2.6790123463210462e+00	
1.0333333333337977e+01	9.2027907737167247e-01	2.6790123466045883e+00	
1.0333333333337464e+01	9.2027907737160397e-01	2.6790123469915188e+00	
1.0333333333337007e+01	9.2027907737154291e-01	2.6790123475155805e+00	
1.0333333333336601e+01	9.2027907737148884e-01	2.6790123482206649e+00	
1.0333333333336242e+01	9.2027907737144055e-01	2.6790123491636564e+00	
1.0333333333335922e+01	9.2027907737139791e-01	2.6790123504180174e+00	
1.0333333333335643e+01	9.2027907737136061e-01	2.6790123520782934e+00	
1.0333333333335394e+01	9.2027907737132753e-01	2.6790123542657427e+00	
1.0333333333335181e+01	9.2027907737129844e-01	2.6790123571353743e+00	
1.0333333333334993e+01	9.2027907737127346e-01	2.6790123608846694e+00	
1.0333333333334830e+01	9.2027907737125170e-01	2.6790123657643869e+00	
1.0333333333334689e+01	9.2027907737123282e-01	2.6790123720918659e+00	
1.0333333333334570e+01	9.2027907737121672e-01	2.6790123802673378e+00	
1.0333333333334467e+01	9.2027907737120329e-01	2.6790123907938179e+00	
1.0333333333334382e+01	9.2027907737119174e-01	2.6790124043012491e+00	
1.0333333333334314e+01	9.2027907737118231e-01	2.6790124215756026e+00	
1.0333333333334258e+01	9.2027907737117509e-01	2.6790124435937370e+00	
1.0333333333334215e+01	9.2027907737116899e-01	2.6790124715648318e+00	
1.0333333333334185e+01	9.2027907737116499e-01	2.6790125069791944e+00	
1.0333333333334162e+01	9.2027907737116199e-01	2.6790125516651635e+00	
1.0333333333334147e+01	9.2027907737116066e-01	2.6790126078546508e+00	
1.0333333333334147e+01	9.2027907737115999e-01	2.6790126782574726e+00	
1.0333333333334153e+01	9.2027907737116066e-01	2.6790127661440590e+00	
1.0333333333334167e+01	9.2027907737116255e-01	2.6790128754351996e+00	
1.0333333333334187e+01	9.2027907737116532e-01	2.6790130107960572e+00	
