1.0333333333327149e+01	9.2027907737202397e-01	2.6790123456779300e+00	
1.0333333333327033e+01	9.2027907737204373e-01	2.6790123456778159e+00	
1.0333333333326976e+01	9.2027907737205650e-01	2.6790123456776525e+00	
1.0333333333326241e+01	9.2027907737216175e-01	2.6790123456773829e+00	
1.0333333333324649e+01	9.2027907737238279e-01	2.6790123456769859e+00	
1.0333333333321939e+01	9.2027907737275483e-01	2.6790123456764312e+00	
1.0333333333317732e+01	9.2027907737332870e-01	2.6790123456756771e+00	
1.0333333333311506e+01	9.2027907737417369e-01	2.6790123456746668e+00	
1.0333333333302550e+01	9.2027907737538617e-01	2.6790123456733275e+00	
1.0333333333289902e+01	9.2027907737709369e-01	2.6790123456715618e+00	
1.0333333333272300e+01	9.2027907737946546e-01	2.6790123456692490e+00	
1.0333333333248104e+01	9.2027907738272163e-01	2.6790123456662354e+00	
1.0333333333215210e+01	9.2027907738714332e-01	2.6790123456623283e+00	
1.0333333333170980e+01	9.2027907739308412e-01	2.6790123456572963e+00	
1.0333333333112156e+01	9.2027907740098058e-01	2.6790123456508583e+00	
1.0333333333034787e+01	9.2027907741136061e-01	2.6790123456426840e+00	
1.0333333332934220e+01	9.2027907742484794e-01	2.6790123456323975e+00	
1.0333333332805102e+01	9.2027907744215942e-01	2.6790123456195820e+00	
1.0333333332641475e+01	9.2027907746409243e-01	2.6790123456037969e+00	
1.0333333332436965e+01	9.2027907749150073e-01	2.6790123455846033e+00	
1.0333333332185093e+01	9.2027907752525073e-01	2.6790123455616035e+00	
1.0333333331879741e+01	9.2027907756616245e-01	2.6790123455345061e+00	
1.0333333331515737e+01	9.2027907761492866e-01	2.6790123455031987e+00	
1.0333333331089609e+01	9.2027907767201367e-01	2.6790123454678541e+00	
1.0333333330600423e+01	9.2027907773754269e-01	2.6790123454290558e+00	
1.0333333330050699e+01	9.2027907781117901e-01	2.6790123453879535e+00	
1.0333333329447232e+01	9.2027907789201280e-01	2.6790123453464423e+00	
1.0333333328801778e+01	9.2027907797846997e-01	2.6790123453073673e+00	
1.0333333328131443e+01	9.2027907806826192e-01	2.6790123452747636e+00	
1.0333333327458579e+01	9.2027907815839560e-01	2.6790123452541184e+00	
1.0333333326810171e+01	9.2027907824525945e-01	2.6790123452526884e+00	
1.0333333326216557e+01	9.2027907832479161e-01	2.6790123452798755e+00	
1.0333333325709543e+01	9.2027907839273515e-01	2.6790123453477022e+00	
1.0333333325319964e+01	9.2027907844496115e-01	2.6790123454714285e+00	
1.0333333325074975e+01	9.2027907847783663e-01	2.6790123456703880e+00	
1.0333333324995232e+01	9.2027907848859447e-01	2.6790123459691086e+00	
1.0333333325092475e+01	9.2027907847566515e-01	2.6790123463988498e+00	
1.0333333325367729e+01	9.2027907843891066e-01	2.6790123469996643e+00	
1.0333333325810534e+01	9.2027907837973166e-01	2.6790123478231447e+00	
1.0333333326399350e+01	9.2027907830101252e-01	2.6790123489360211e+00	
1.0333333327103189e+01	9.2027907820690147e-01	2.6790123504248031e+00	
1.0333333327884338e+01	9.2027907810244758e-01	2.6790123524017062e+00	
1.0333333328701825e+01	9.2027907799313635e-01	2.6790123550121088e+00	
1.0333333329515170e+01	9.2027907788438656e-01	2.6790123584438694e+00	
1.0333333330287997e+01	9.2027907778106932e-01	2.6790123629389102e+00	
1.0333333330990891e+01	9.2027907768712147e-01	2.6790123688075136e+00	
1.0333333331603312e+01	9.2027907760529426e-01	2.6790123764459577e+00	
1.0333333332114265e+01	9.2027907753705895e-01	2.6790123863581798e+00	
1.0333333332521828e+01	9.2027907748267368e-01	2.6790123991823407e+00	
1.0333333332831719e+01	9.2027907744137383e-01	2.6790124157232964e+00	
1.0333333333055220e+01	9.2027907741164916e-01	2.6790124369921333e+00	
1.0333333333206898e+01	9.2027907739154968e-01	2.6790124642540967e+00	
1.0333333333302425e+01	9.2027907737897874e-01	2.6790124990863404e+00	
1.0333333333356789e+01	9.2027907737192938e-01	2.6790125434470409e+00	
1.0333333333383068e+01	9.2027907736865155e-01	2.6790125997574661e+00	
1.0333333333391785e+01	9.2027907736773706e-01	2.6790126709985116e+00	
1.0333333333390751e+01	9.2027907736814074e-01	2.6790127608230230e+00	
1.0333333333385287e+01	9.2027907736915071e-01	2.6790128736847834e+00	
1.0333333333378683e+01	9.2027907737032688e-01	2.6790130149842968e+00	
1.0333333333372703e+01	9.2027907737143300e-01	2.6790131912302080e+00	
1.0333333333368103e+01	9.2027907737236936e-01	2.6790134102133019e+00	
1.0333333333365021e+01	9.2027907737311654e-01	2.6790136811870613e+00	
1.0333333333363296e+01	9.2027907737369763e-01	2.6790140150445434e+00	
1.0333333333362649e+01	9.2027907737414927e-01	2.6790144244752057e+00	
1.0333333333362795e+01	9.2027907737451098e-01	2.6790149240766996e+00	
1.0333333333363495e+01	9.2027907737481329e-01	2.6790155303846506e+00	
1.0333333333364575e+01	9.2027907737508075e-01	2.6790162617668725e+00	
1.0333333333365914e+01	9.2027907737532977e-01	2.6790171381058308e+00	
1.0333333333367426e+01	9.2027907737557124e-01	2.6790181801624517e+00	
1.0333333333369060e+01	9.2027907737581172e-01	2.6790194084730432e+00	
1.0333333333370794e+01	9.2027907737605452e-01	2.6790208415756505e+00	
1.0333333333372600e+01	9.2027907737630232e-01	2.6790224932884485e+00	
1.0333333333374473e+01	9.2027907737655579e-01	2.6790243686650448e+00	
1.0333333333376403e+01	9.2027907737681536e-01	2.6790264581226633e+00	
1.0333333333378381e+01	9.2027907737708081e-01	2.6790287290699863e+00	
1.0333333333380406e+01	9.2027907737735226e-01	2.6790311141401704e+00	
1.0333333333382466e+01	9.2027907737762815e-01	2.6790334948463252e+00	
1.0333333333384561e+01	9.2027907737790904e-01	2.6790356791028618e+00	
1.0333333333386678e+01	9.2027907737819281e-01	2.6790373705726145e+00	
1.0333333333388818e+01	9.2027907737847880e-01	2.6790381271769803e+00	
1.0333333333390959e+01	9.2027907737876535e-01	2.6790373053069043e+00	
