1.0333333333267461e+01	9.2027907738152426e-01	2.6790123456667594e+00	
1.0333333333269445e+01	9.2027907738136883e-01	2.6790123456651886e+00	
1.0333333333282322e+01	9.2027907737976078e-01	2.6790123456640771e+00	
1.0333333333293178e+01	9.2027907737843073e-01	2.6790123456624131e+00	
1.0333333333302315e+01	9.2027907737733805e-01	2.6790123456601664e+00	
1.0333333333310005e+01	9.2027907737644665e-01	2.6790123456573034e+00	
1.0333333333316480e+01	9.2027907737572634e-01	2.6790123456537982e+00	
1.0333333333321944e+01	9.2027907737514969e-01	2.6790123456496375e+00	
1.0333333333326564e+01	9.2027907737469483e-01	2.6790123456448334e+00	
1.0333333333330497e+01	9.2027907737434156e-01	2.6790123456394466e+00	
1.0333333333333858e+01	9.2027907737407477e-01	2.6790123456336028e+00	
1.0333333333336746e+01	9.2027907737388093e-01	2.6790123456275370e+00	
1.0333333333339256e+01	9.2027907737374925e-01	2.6790123456216399e+00	
1.0333333333341441e+01	9.2027907737367154e-01	2.6790123456165191e+00	
1.0333333333343354e+01	9.2027907737364234e-01	2.6790123456131014e+00	
1.0333333333345017e+01	9.2027907737365844e-01	2.6790123456127439e+00	
1.0333333333346442e+01	9.2027907737371928e-01	2.6790123456174086e+00	
1.0333333333347609e+01	9.2027907737382764e-01	2.6790123456298782e+00	
1.0333333333348467e+01	9.2027907737399139e-01	2.6790123456540447e+00	
1.0333333333348918e+01	9.2027907737422288e-01	2.6790123456952961e+00	
1.0333333333348820e+01	9.2027907737454251e-01	2.6790123457610275e+00	
1.0333333333347950e+01	9.2027907737498127e-01	2.6790123458612971e+00	
1.0333333333345964e+01	9.2027907737558401e-01	2.6790123460096855e+00	
1.0333333333342397e+01	9.2027907737641479e-01	2.6790123462244284e+00	
1.0333333333336572e+01	9.2027907737756376e-01	2.6790123465298565e+00	
1.0333333333327547e+01	9.2027907737915760e-01	2.6790123469582698e+00	
1.0333333333314039e+01	9.2027907738136860e-01	2.6790123475523466e+00	
1.0333333333294286e+01	9.2027907738443315e-01	2.6790123483682171e+00	
1.0333333333265928e+01	9.2027907738866677e-01	2.6790123494794025e+00	
1.0333333333225843e+01	9.2027907739448811e-01	2.6790123509818184e+00	
1.0333333333169959e+01	9.2027907740244175e-01	2.6790123530001244e+00	
1.0333333333093082e+01	9.2027907741322279e-01	2.6790123556957588e+00	
1.0333333332988705e+01	9.2027907742770299e-01	2.6790123592770527e+00	
1.0333333332848904e+01	9.2027907744694259e-01	2.6790123640119430e+00	
1.0333333332664306e+01	9.2027907747219551e-01	2.6790123702438722e+00	
1.0333333332424264e+01	9.2027907750488691e-01	2.6790123784116200e+00	
1.0333333332117244e+01	9.2027907754656002e-01	2.6790123890739239e+00	
1.0333333331731586e+01	9.2027907759877436e-01	2.6790124029399314e+00	
1.0333333331256668e+01	9.2027907766295092e-01	2.6790124209066843e+00	
1.0333333330684521e+01	9.2027907774015560e-01	2.6790124441050422e+00	
1.0333333330011836e+01	9.2027907783082885e-01	2.6790124739556265e+00	
1.0333333329242292e+01	9.2027907793447605e-01	2.6790125122366044e+00	
1.0333333328388857e+01	9.2027907804935893e-01	2.6790125611652575e+00	
1.0333333327475730e+01	9.2027907817223520e-01	2.6790126234954523e+00	
1.0333333326539359e+01	9.2027907829822175e-01	2.6790127026331669e+00	
1.0333333325628058e+01	9.2027907842084677e-01	2.6790128027721765e+00	
1.0333333324799700e+01	9.2027907853235946e-01	2.6790129290516900e+00	
1.0333333324117278e+01	9.2027907862432035e-01	2.6790130877371778e+00	
1.0333333323642524e+01	9.2027907868846037e-01	2.6790132864245586e+00	
1.0333333323428127e+01	9.2027907871771941e-01	2.6790135342661725e+00	
1.0333333323509734e+01	9.2027907870731740e-01	2.6790138422142773e+00	
1.0333333323899124e+01	9.2027907865566949e-01	2.6790142232736947e+00	
1.0333333324580105e+01	9.2027907856493396e-01	2.6790146927492473e+00	
1.0333333325508306e+01	9.2027907844103940e-01	2.6790152684649873e+00	
1.0333333326615453e+01	9.2027907829311439e-01	2.6790159709200378e+00	
1.0333333327817668e+01	9.2027907813237353e-01	2.6790168233288831e+00	
1.0333333329026527e+01	9.2027907797063979e-01	2.6790178514705505e+00	
1.0333333330160727e+01	9.2027907781878038e-01	2.6790190832391869e+00	
1.0333333331156162e+01	9.2027907768535822e-01	2.6790205477453193e+00	
1.0333333331972446e+01	9.2027907757575955e-01	2.6790222737588283e+00	
1.0333333332594835e+01	9.2027907749193549e-01	2.6790242872068011e+00	
1.0333333333031630e+01	9.2027907743274873e-01	2.6790266073356617e+00	
1.0333333333308179e+01	9.2027907739477866e-01	2.6790292410095051e+00	
1.0333333333459215e+01	9.2027907737334358e-01	2.6790321744352195e+00	
1.0333333333521450e+01	9.2027907736349557e-01	2.6790353613668536e+00	
1.0333333333527788e+01	9.2027907736079129e-01	2.6790387065302386e+00	
1.0333333333503989e+01	9.2027907736174053e-01	2.6790420426033430e+00	
1.0333333333467674e+01	9.2027907736393821e-01	2.6790450985615801e+00	
1.0333333333429128e+01	9.2027907736595738e-01	2.6790474565171429e+00	
1.0333333333393059e+01	9.2027907736711079e-01	2.6790484933054524e+00	
1.0333333333360601e+01	9.2027907736718617e-01	2.6790473019476519e+00	
1.0333333333330980e+01	9.2027907736621983e-01	2.6790425866807497e+00	
1.0333333333302695e+01	9.2027907736433845e-01	2.6790325234161001e+00	
1.0333333333274185e+01	9.2027907736167025e-01	2.6790145751637091e+00	
1.0333333333244097e+01	9.2027907735830727e-01	2.6789852490242638e+00	
1.0333333333211352e+01	9.2027907735429670e-01	2.6789397776581452e+00	
1.0333333333175091e+01	9.2027907734964642e-01	2.6788717035189604e+00	
1.0333333333134602e+01	9.2027907734433534e-01	2.6787723383876849e+00	
1.0333333333089248e+01	9.2027907733832115e-01	2.6786300636338787e+00	
1.0333333333038413e+01	9.2027907733154601e-01	2.6784294279123837e+00	
1.0333333332981500e+01	9.2027907732394354e-01	2.6781499884191797e+00	
