1.0333333333323491e+01	9.2027907737256731e-01	2.6790123456775166e+00	
1.0333333333322535e+01	9.2027907737268011e-01	2.6790123456775352e+00	
1.0333333333318985e+01	9.2027907737314374e-01	2.6790123456772816e+00	
1.0333333333313666e+01	9.2027907737384684e-01	2.6790123456768322e+00	
1.0333333333305969e+01	9.2027907737487047e-01	2.6790123456761457e+00	
1.0333333333295091e+01	9.2027907737632264e-01	2.6790123456751642e+00	
1.0333333333279953e+01	9.2027907737834669e-01	2.6790123456738035e+00	
1.0333333333259167e+01	9.2027907738112846e-01	2.6790123456719535e+00	
1.0333333333230955e+01	9.2027907738490666e-01	2.6790123456694710e+00	
1.0333333333193073e+01	9.2027907738998072e-01	2.6790123456661750e+00	
1.0333333333142752e+01	9.2027907739672143e-01	2.6790123456618415e+00	
1.0333333333076643e+01	9.2027907740557724e-01	2.6790123456562003e+00	
1.0333333332990764e+01	9.2027907741708115e-01	2.6790123456489314e+00	
1.0333333332880510e+01	9.2027907743184911e-01	2.6790123456396637e+00	
1.0333333332740716e+01	9.2027907745057314e-01	2.6790123456279833e+00	
1.0333333332565774e+01	9.2027907747400362e-01	2.6790123456134385e+00	
1.0333333332349859e+01	9.2027907750292059e-01	2.6790123455955630e+00	
1.0333333332087276e+01	9.2027907753808624e-01	2.6790123455738994e+00	
1.0333333331772902e+01	9.2027907758018623e-01	2.6790123455480370e+00	
1.0333333331402780e+01	9.2027907762975114e-01	2.6790123455176635e+00	
1.0333333330974776e+01	9.2027907768706529e-01	2.6790123454826147e+00	
1.0333333330489358e+01	9.2027907775206752e-01	2.6790123454429522e+00	
1.0333333329950300e+01	9.2027907782425189e-01	2.6790123453990229e+00	
1.0333333329365372e+01	9.2027907790257846e-01	2.6790123453515386e+00	
1.0333333328746798e+01	9.2027907798541075e-01	2.6790123453016368e+00	
1.0333333328111436e+01	9.2027907807049225e-01	2.6790123452509378e+00	
1.0333333327480551e+01	9.2027907815497634e-01	2.6790123452015835e+00	
1.0333333326879099e+01	9.2027907823552213e-01	2.6790123451562651e+00	
1.0333333326334506e+01	9.2027907830845856e-01	2.6790123451182319e+00	
1.0333333325874936e+01	9.2027907837001466e-01	2.6790123450913041e+00	
1.0333333325527205e+01	9.2027907841660173e-01	2.6790123450799035e+00	
1.0333333325314452e+01	9.2027907844512125e-01	2.6790123450891219e+00	
1.0333333325253879e+01	9.2027907845327117e-01	2.6790123451248742e+00	
1.0333333325354783e+01	9.2027907843980705e-01	2.6790123451941743e+00	
1.0333333325617195e+01	9.2027907840472489e-01	2.6790123453055767e+00	
1.0333333326031331e+01	9.2027907834933387e-01	2.6790123454698507e+00	
1.0333333326578027e+01	9.2027907827620081e-01	2.6790123457009343e+00	
1.0333333327230116e+01	9.2027907818896182e-01	2.6790123460172222e+00	
1.0333333327954692e+01	9.2027907809202303e-01	2.6790123464432618e+00	
1.0333333328715952e+01	9.2027907799017705e-01	2.6790123470119278e+00	
1.0333333329478281e+01	9.2027907788819185e-01	2.6790123477671490e+00	
1.0333333330209227e+01	9.2027907779041329e-01	2.6790123487673192e+00	
1.0333333330881919e+01	9.2027907770043604e-01	2.6790123500895175e+00	
1.0333333331476791e+01	9.2027907762088224e-01	2.6790123518347566e+00	
1.0333333331982271e+01	9.2027907755330018e-01	2.6790123541344775e+00	
1.0333333332394604e+01	9.2027907749819260e-01	2.6790123571586308e+00	
1.0333333332716863e+01	9.2027907745514936e-01	2.6790123611257459e+00	
1.0333333332957361e+01	9.2027907742305703e-01	2.6790123663154377e+00	
1.0333333333127847e+01	9.2027907740034398e-01	2.6790123730839728e+00	
1.0333333333241653e+01	9.2027907738522496e-01	2.6790123818835347e+00	
1.0333333333312124e+01	9.2027907737591363e-01	2.6790123932860093e+00	
1.0333333333351440e+01	9.2027907737078074e-01	2.6790124080121926e+00	
1.0333333333369852e+01	9.2027907736845393e-01	2.6790124269674567e+00	
1.0333333333375387e+01	9.2027907736785830e-01	2.6790124512850544e+00	
1.0333333333373893e+01	9.2027907736821268e-01	2.6790124823783570e+00	
1.0333333333369279e+01	9.2027907736899295e-01	2.6790125220033927e+00	
1.0333333333363932e+01	9.2027907736988057e-01	2.6790125723331708e+00	
1.0333333333359121e+01	9.2027907737070569e-01	2.6790126360451816e+00	
1.0333333333355377e+01	9.2027907737139814e-01	2.6790127164233537e+00	
1.0333333333352789e+01	9.2027907737194625e-01	2.6790128174753756e+00	
1.0333333333351232e+01	9.2027907737236714e-01	2.6790129440656507e+00	
1.0333333333350495e+01	9.2027907737268932e-01	2.6790131020630557e+00	
1.0333333333350369e+01	9.2027907737294135e-01	2.6790132985010215e+00	
1.0333333333350673e+01	9.2027907737314796e-01	2.6790135417448639e+00	
1.0333333333351273e+01	9.2027907737332726e-01	2.6790138416576199e+00	
1.0333333333352080e+01	9.2027907737349202e-01	2.6790142097502363e+00	
1.0333333333353027e+01	9.2027907737365111e-01	2.6790146592944177e+00	
1.0333333333354082e+01	9.2027907737380943e-01	2.6790152053658605e+00	
1.0333333333355215e+01	9.2027907737397086e-01	2.6790158647709656e+00	
1.0333333333356425e+01	9.2027907737413750e-01	2.6790166557901709e+00	
1.0333333333357691e+01	9.2027907737430981e-01	2.6790175976438388e+00	
1.0333333333359024e+01	9.2027907737448911e-01	2.6790187095500806e+00	
1.0333333333360414e+01	9.2027907737467596e-01	2.6790200091947316e+00	
1.0333333333361864e+01	9.2027907737487014e-01	2.6790215103683552e+00	
1.0333333333363369e+01	9.2027907737507197e-01	2.6790232194383652e+00	
1.0333333333364934e+01	9.2027907737528147e-01	2.6790251302098786e+00	
1.0333333333366557e+01	9.2027907737549874e-01	2.6790272165785032e+00	
1.0333333333368236e+01	9.2027907737572368e-01	2.6790294221814457e+00	
1.0333333333369975e+01	9.2027907737595593e-01	2.6790316459968229e+00	
1.0333333333371764e+01	9.2027907737619563e-01	2.6790337225079774e+00	
1.0333333333373606e+01	9.2027907737644232e-01	2.6790353946188494e+00	
