1.0333333332602386e+01	9.2027907747916282e-01	2.6790123456027994e+00	
1.0333333332587889e+01	9.2027907747681359e-01	2.6790123456949577e+00	
1.0333333332203646e+01	9.2027907752326110e-01	2.6790123458122501e+00	
1.0333333331990730e+01	9.2027907754599192e-01	2.6790123460159427e+00	
1.0333333331895139e+01	9.2027907755214755e-01	2.6790123463305782e+00	
1.0333333331876904e+01	9.2027907754698302e-01	2.6790123467914202e+00	
1.0333333331906713e+01	9.2027907753431670e-01	2.6790123474472041e+00	
1.0333333331963317e+01	9.2027907751687865e-01	2.6790123483638086e+00	
1.0333333332031495e+01	9.2027907749657922e-01	2.6790123496290663e+00	
1.0333333332100519e+01	9.2027907747471749e-01	2.6790123513589994e+00	
1.0333333332162956e+01	9.2027907745213655e-01	2.6790123537058186e+00	
1.0333333332213764e+01	9.2027907742934667e-01	2.6790123568681445e+00	
1.0333333332249602e+01	9.2027907740661430e-01	2.6790123611039767e+00	
1.0333333332268317e+01	9.2027907738403059e-01	2.6790123667470924e+00	
1.0333333332268554e+01	9.2027907736156200e-01	2.6790123742276988e+00	
1.0333333332249467e+01	9.2027907733908709e-01	2.6790123840983240e+00	
1.0333333332210506e+01	9.2027907731642344e-01	2.6790123970661597e+00	
1.0333333332151266e+01	9.2027907729334646e-01	2.6790124140333131e+00	
1.0333333332071360e+01	9.2027907726960323e-01	2.6790124361466705e+00	
1.0333333331970366e+01	9.2027907724492031e-01	2.6790124648594347e+00	
1.0333333331847733e+01	9.2027907721901003e-01	2.6790125020066915e+00	
1.0333333331702772e+01	9.2027907719157298e-01	2.6790125498977764e+00	
1.0333333331534611e+01	9.2027907716229984e-01	2.6790126114285626e+00	
1.0333333331342168e+01	9.2027907713087054e-01	2.6790126902171649e+00	
1.0333333331124152e+01	9.2027907709695422e-01	2.6790127907669010e+00	
1.0333333330879039e+01	9.2027907706020695e-01	2.6790129186605349e+00	
1.0333333330605067e+01	9.2027907702027001e-01	2.6790130807898884e+00	
1.0333333330300215e+01	9.2027907697676725e-01	2.6790132856246229e+00	
1.0333333329962212e+01	9.2027907692930222e-01	2.6790135435232663e+00	
1.0333333329588511e+01	9.2027907687745480e-01	2.6790138670880990e+00	
1.0333333329176273e+01	9.2027907682077936e-01	2.6790142715630503e+00	
1.0333333328722373e+01	9.2027907675879994e-01	2.6790147752698044e+00	
1.0333333328223366e+01	9.2027907669100806e-01	2.6790154000712598e+00	
1.0333333327675472e+01	9.2027907661685759e-01	2.6790161718425591e+00	
1.0333333327074568e+01	9.2027907653576280e-01	2.6790171209169551e+00	
1.0333333326416152e+01	9.2027907644709328e-01	2.6790182824553237e+00	
1.0333333325695325e+01	9.2027907635016959e-01	2.6790196966623072e+00	
1.0333333324906757e+01	9.2027907624426042e-01	2.6790214087361588e+00	
1.0333333324044673e+01	9.2027907612857529e-01	2.6790234683900978e+00	
1.0333333323102803e+01	9.2027907600226244e-01	2.6790259287158174e+00	
1.0333333322074360e+01	9.2027907586440250e-01	2.6790288440689860e+00	
1.0333333320951986e+01	9.2027907571400236e-01	2.6790322665345521e+00	
1.0333333319727730e+01	9.2027907554999022e-01	2.6790362403666559e+00	
1.0333333318392988e+01	9.2027907537120957e-01	2.6790407935813505e+00	
1.0333333316938459e+01	9.2027907517641117e-01	2.6790459255938885e+00	
1.0333333315354082e+01	9.2027907496424821e-01	2.6790515894153497e+00	
1.0333333313629003e+01	9.2027907473326731e-01	2.6790576664292178e+00	
1.0333333311751474e+01	9.2027907448190172e-01	2.6790639311234594e+00	
1.0333333309708815e+01	9.2027907420846344e-01	2.6790700023150125e+00	
1.0333333307487324e+01	9.2027907391113295e-01	2.6790752763171648e+00	
1.0333333305072182e+01	9.2027907358795435e-01	2.6790788360984603e+00	
1.0333333302447372e+01	9.2027907323682367e-01	2.6790793286795034e+00	
1.0333333299595560e+01	9.2027907285548238e-01	2.6790748007059340e+00	
1.0333333296497964e+01	9.2027907244150986e-01	2.6790624791916553e+00	
1.0333333293134206e+01	9.2027907199231662e-01	2.6790384806865797e+00	
1.0333333289482148e+01	9.2027907150514110e-01	2.6789974273944139e+00	
1.0333333285517654e+01	9.2027907097704664e-01	2.6789319428172873e+00	
1.0333333281214342e+01	9.2027907040492773e-01	2.6788319920642363e+00	
1.0333333276543247e+01	9.2027906978551755e-01	2.6786840227198527e+00	
1.0333333271472407e+01	9.2027906911540902e-01	2.6784698507877849e+00	
1.0333333265966337e+01	9.2027906839108664e-01	2.6781652223512724e+00	
1.0333333259985343e+01	9.2027906760897704e-01	2.6777379649119673e+00	
1.0333333253484653e+01	9.2027906676552462e-01	2.6771456226701003e+00	
1.0333333246413307e+01	9.2027906585729324e-01	2.6763324473269514e+00	
1.0333333238712685e+01	9.2027906488111599e-01	2.6752255908214457e+00	
1.0333333230314718e+01	9.2027906383428781e-01	2.6737303200747742e+00	
1.0333333221139595e+01	9.2027906271482141e-01	2.6717240490090095e+00	
1.0333333211092954e+01	9.2027906152176975e-01	2.6690489647572320e+00	
1.0333333200062599e+01	9.2027906025561335e-01	2.6655030214976252e+00	
1.0333333187914901e+01	9.2027905891868422e-01	2.6608291003415356e+00	
1.0333333174491806e+01	9.2027905751550987e-01	2.6547022082971723e+00	
1.0333333159611291e+01	9.2027905605269145e-01	2.6467147447916135e+00	
1.0333333143079983e+01	9.2027905453716974e-01	2.6363601444977918e+00	
1.0333333124739665e+01	9.2027905297003121e-01	2.6230156677666474e+00	
1.0333333104590857e+01	9.2027905133027832e-01	2.6059258222163888e+00	
1.0333333083043774e+01	9.2027904954231554e-01	2.5841889249323291e+00	
1.0333333061258260e+01	9.2027904743306954e-01	2.5567506836348568e+00	
1.0333333041217207e+01	9.2027904472615518e-01	2.5224103231205008e+00	
1.0333333024726580e+01	9.2027904117673631e-01	2.4798464600854859e+00	
1.0333333010843889e+01	9.2027903689148072e-01	2.4276710805593287e+00	
1.0333333002769495e+01	9.2027903365054131e-01	2.3645196549853407e+00	
