1.0333333333197885e+01	9.2027907739256543e-01	2.6790123456539821e+00	
1.0333333333201857e+01	9.2027907739224324e-01	2.6790123456510564e+00	
1.0333333333226873e+01	9.2027907738911618e-01	2.6790123456491282e+00	
1.0333333333248261e+01	9.2027907738648618e-01	2.6790123456463202e+00	
1.0333333333266497e+01	9.2027907738429082e-01	2.6790123456426373e+00	
1.0333333333282008e+01	9.2027907738247272e-01	2.6790123456381107e+00	
1.0333333333295197e+01	9.2027907738097992e-01	2.6790123456328216e+00	
1.0333333333306408e+01	9.2027907737976522e-01	2.6790123456269237e+00	
1.0333333333315952e+01	9.2027907737878845e-01	2.6790123456206887e+00	
1.0333333333324100e+01	9.2027907737801351e-01	2.6790123456145545e+00	
1.0333333333331085e+01	9.2027907737740966e-01	2.6790123456092014e+00	
1.0333333333337110e+01	9.2027907737695014e-01	2.6790123456056532e+00	
1.0333333333342345e+01	9.2027907737661307e-01	2.6790123456054111e+00	
1.0333333333346934e+01	9.2027907737637871e-01	2.6790123456106349e+00	
1.0333333333351002e+01	9.2027907737623138e-01	2.6790123456243866e+00	
1.0333333333354652e+01	9.2027907737615755e-01	2.6790123456509507e+00	
1.0333333333357963e+01	9.2027907737614678e-01	2.6790123456962562e+00	
1.0333333333361001e+01	9.2027907737619019e-01	2.6790123457684358e+00	
1.0333333333363822e+01	9.2027907737628112e-01	2.6790123458785557e+00	
1.0333333333366452e+01	9.2027907737641546e-01	2.6790123460415614e+00	
1.0333333333368911e+01	9.2027907737659043e-01	2.6790123462775193e+00	
1.0333333333371197e+01	9.2027907737680692e-01	2.6790123466132121e+00	
1.0333333333373282e+01	9.2027907737706760e-01	2.6790123470841989e+00	
1.0333333333375109e+01	9.2027907737738046e-01	2.6790123477374705e+00	
1.0333333333376576e+01	9.2027907737775794e-01	2.6790123486348403e+00	
1.0333333333377521e+01	9.2027907737822079e-01	2.6790123498572815e+00	
1.0333333333377716e+01	9.2027907737879910e-01	2.6790123515104463e+00	
1.0333333333376807e+01	9.2027907737953873e-01	2.6790123537316544e+00	
1.0333333333374302e+01	9.2027907738050363e-01	2.6790123566987458e+00	
1.0333333333369495e+01	9.2027907738178705e-01	2.6790123606412166e+00	
1.0333333333361397e+01	9.2027907738351888e-01	2.6790123658542013e+00	
1.0333333333348632e+01	9.2027907738588088e-01	2.6790123727159649e+00	
1.0333333333329318e+01	9.2027907738912218e-01	2.6790123817096942e+00	
1.0333333333300889e+01	9.2027907739358239e-01	2.6790123934505439e+00	
1.0333333333259914e+01	9.2027907739971748e-01	2.6790124087190716e+00	
1.0333333333201846e+01	9.2027907740813053e-01	2.6790124285023729e+00	
1.0333333333120802e+01	9.2027907741960457e-01	2.6790124540444786e+00	
1.0333333333009289e+01	9.2027907743513659e-01	2.6790124869077587e+00	
1.0333333332858022e+01	9.2027907745596293e-01	2.6790125290473328e+00	
1.0333333332655828e+01	9.2027907748357107e-01	2.6790125829006946e+00	
1.0333333332389785e+01	9.2027907751968296e-01	2.6790126514949031e+00	
1.0333333332045667e+01	9.2027907756619265e-01	2.6790127385737814e+00	
1.0333333331608888e+01	9.2027907762504202e-01	2.6790128487475076e+00	
1.0333333331066013e+01	9.2027907769801731e-01	2.6790129876666322e+00	
1.0333333330406969e+01	9.2027907778645290e-01	2.6790131622219446e+00	
1.0333333329627902e+01	9.2027907789085006e-01	2.6790133807703893e+00	
1.0333333328734474e+01	9.2027907801043329e-01	2.6790136533852889e+00	
1.0333333327745230e+01	9.2027907814270060e-01	2.6790139921261145e+00	
1.0333333326694332e+01	9.2027907828305811e-01	2.6790144113185170e+00	
1.0333333325632838e+01	9.2027907842464718e-01	2.6790149278287210e+00	
1.0333333324627597e+01	9.2027907855849211e-01	2.6790155613069517e+00	
1.0333333323757046e+01	9.2027907867406422e-01	2.6790163343612634e+00	
1.0333333323103595e+01	9.2027907876029935e-01	2.6790172726045896e+00	
1.0333333322743098e+01	9.2027907880700766e-01	2.6790184044923100e+00	
1.0333333322732763e+01	9.2027907880649129e-01	2.6790197608326931e+00	
1.0333333323099707e+01	9.2027907875507764e-01	2.6790213738051598e+00	
1.0333333323832779e+01	9.2027907865421155e-01	2.6790232752573844e+00	
1.0333333324880149e+01	9.2027907851078017e-01	2.6790254939666069e+00	
1.0333333326154046e+01	9.2027907833647526e-01	2.6790280514363722e+00	
1.0333333327542576e+01	9.2027907814621324e-01	2.6790309556486935e+00	
1.0333333328926491e+01	9.2027907795588948e-01	2.6790341919921721e+00	
1.0333333330197421e+01	9.2027907777993423e-01	2.6790377103248137e+00	
1.0333333331273472e+01	9.2027907762922889e-01	2.6790414067880270e+00	
1.0333333332108609e+01	9.2027907750984328e-01	2.6790450985426264e+00	
1.0333333332694183e+01	9.2027907742283610e-01	2.6790484890194968e+00	
1.0333333333052972e+01	9.2027907736504910e-01	2.6790511205301026e+00	
1.0333333333228182e+01	9.2027907733057712e-01	2.6790523101192685e+00	
1.0333333333270964e+01	9.2027907731244241e-01	2.6790510633069937e+00	
1.0333333333229559e+01	9.2027907730404324e-01	2.6790459587859430e+00	
1.0333333333142347e+01	9.2027907730008562e-01	2.6790349951286117e+00	
1.0333333333035204e+01	9.2027907729693370e-01	2.6790153880045056e+00	
1.0333333332922404e+01	9.2027907729249026e-01	2.6789833031816341e+00	
1.0333333332809506e+01	9.2027907728580793e-01	2.6789335065297797e+00	
1.0333333332696679e+01	9.2027907727664082e-01	2.6788589071678723e+00	
1.0333333332581514e+01	9.2027907726506986e-01	2.6787499635863146e+00	
1.0333333332460839e+01	9.2027907725125591e-01	2.6785939147807252e+00	
1.0333333332331611e+01	9.2027907723531777e-01	2.6783737888893882e+00	
1.0333333332191218e+01	9.2027907721729163e-01	2.6780671302625620e+00	
1.0333333332037446e+01	9.2027907719713231e-01	2.6776443720694942e+00	
1.0333333331868328e+01	9.2027907717473012e-01	2.6770667653230125e+00	
1.0333333331682352e+01	9.2027907714997181e-01	2.6762837566248932e+00	
