1.0333333375156782e+01	9.2027906925506386e-01	2.6790123639211743e+00	
1.0333333359990691e+01	9.2027907018846000e-01	2.6790123660385583e+00	
1.0333333272413402e+01	9.2027908079050358e-01	2.6790123435922655e+00	
1.0333333242693314e+01	9.2027908373287293e-01	2.6790123144914020e+00	
1.0333333265900242e+01	9.2027907981866108e-01	2.6790123032824384e+00	
1.0333333307223389e+01	9.2027907388031849e-01	2.6790123292247778e+00	
1.0333333334876599e+01	9.2027907036716694e-01	2.6790123823703609e+00	
1.0333333338949114e+01	9.2027907080924687e-01	2.6790124184775315e+00	
1.0333333329790065e+01	9.2027907401527287e-01	2.6790123898370117e+00	
1.0333333324466864e+01	9.2027907786123386e-01	2.6790122967284997e+00	
1.0333333333988797e+01	9.2027908097103173e-01	2.6790122119561115e+00	
1.0333333358795953e+01	9.2027908328623087e-01	2.6790122362618840e+00	
1.0333333392141853e+01	9.2027908557666260e-01	2.6790123990298236e+00	
1.0333333426283504e+01	9.2027908857579344e-01	2.6790125884975646e+00	
1.0333333456563970e+01	9.2027909240288708e-01	2.6790126058567254e+00	
1.0333333481613151e+01	9.2027909651458906e-01	2.6790123457019339e+00	
1.0333333500970735e+01	9.2027910001734758e-01	2.6790119631436018e+00	
1.0333333512582740e+01	9.2027910201902785e-01	2.6790118311886770e+00	
1.0333333511851334e+01	9.2027910180147254e-01	2.6790122290722076e+00	
1.0333333492412059e+01	9.2027909879666114e-01	2.6790129770520306e+00	
1.0333333447768720e+01	9.2027909248742035e-01	2.6790134045554037e+00	
1.0333333372798887e+01	9.2027908236679667e-01	2.6790128588779187e+00	
1.0333333264672792e+01	9.2027906801561410e-01	2.6790114546021750e+00	
1.0333333123329329e+01	9.2027904927239901e-01	2.6790103369255100e+00	
1.0333332951916335e+01	9.2027902642854975e-01	2.6790109107928237e+00	
1.0333332757476759e+01	9.2027900039149446e-01	2.6790133800775227e+00	
1.0333332551854179e+01	9.2027897279249238e-01	2.6790159005518999e+00	
1.0333332352541289e+01	9.2027894604186400e-01	2.6790156227678033e+00	
1.0333332183122803e+01	9.2027892333766004e-01	2.6790114111028469e+00	
1.0333332073038127e+01	9.2027890861920725e-01	2.6790060134083915e+00	
1.0333332056506432e+01	9.2027890643991273e-01	2.6790049373192550e+00	
1.0333332170534545e+01	9.2027892172675652e-01	2.6790116188562627e+00	
1.0333332451952199e+01	9.2027895940008575e-01	2.6790224634044164e+00	
1.0333332933429714e+01	9.2027902384167448e-01	2.6790273204179686e+00	
1.0333333638480287e+01	9.2027911821559849e-01	2.6790176410764848e+00	
1.0333334575555355e+01	9.2027924366414260e-01	2.6789970031502057e+00	
1.0333335731498705e+01	9.2027939842232298e-01	2.6789832726456702e+00	
1.0333337064815241e+01	9.2027957691933338e-01	2.6789956595037494e+00	
1.0333338499423407e+01	9.2027976895725527e-01	2.6790336070376810e+00	
1.0333339919778693e+01	9.2027995907307070e-01	2.6790672760271006e+00	
1.0333341168435988e+01	9.2028012620828903e-01	2.6790563718097355e+00	
1.0333342047210719e+01	9.2028024384323648e-01	2.6789904988112476e+00	
1.0333342323105629e+01	9.2028028078568391e-01	2.6789162804605575e+00	
1.0333341740146379e+01	9.2028020278859257e-01	2.6789136775260269e+00	
1.0333340038191936e+01	9.2027997508607240e-01	2.6790223504138755e+00	
1.0333336979436034e+01	9.2027956584914483e-01	2.6791759665965933e+00	
1.0333332382456287e+01	9.2027895057989872e-01	2.6792230337721579e+00	
1.0333326162483285e+01	9.2027811753210553e-01	2.6790551338440332e+00	
1.0333318375733809e+01	9.2027707408536785e-01	2.6787521070908906e+00	
1.0333309265499595e+01	9.2027585343549201e-01	2.6785879003248771e+00	
1.0333299307194748e+01	9.2027452041702518e-01	2.6788193161204035e+00	
1.0333289247137690e+01	9.2027317552844501e-01	2.6793861463004243e+00	
1.0333280126002744e+01	9.2027195720986543e-01	2.6798165408706143e+00	
1.0333273276487942e+01	9.2027104249850211e-01	2.6795510667671261e+00	
1.0333270288353019e+01	9.2027064405467340e-01	2.6785338759247681e+00	
1.0333272937332056e+01	9.2027099940393264e-01	2.6775338824643420e+00	
1.0333283068701725e+01	9.2027235083857506e-01	2.6776935935797739e+00	
1.0333302415333106e+01	9.2027492162902014e-01	2.6794281641820823e+00	
1.0333332338320382e+01	9.2027889574184618e-01	2.6815815377213514e+00	
1.0333373522865353e+01	9.2028439462087186e-01	2.6819237231162414e+00	
1.0333425702803094e+01	9.2029142857220203e-01	2.6791398336778465e+00	
1.0333487451244022e+01	9.2029981422873786e-01	2.6748010656843464e+00	
1.0333555969441882e+01	9.2030909920311121e-01	2.6730305346047536e+00	
1.0333626755164396e+01	9.2031856085913377e-01	2.6771485680142986e+00	
1.0333693189978714e+01	9.2032727529309943e-01	2.6855500891850004e+00	
1.0333746366894362e+01	9.2033413692393606e-01	2.6909024572458016e+00	
1.0333775374510770e+01	9.2033774996226980e-01	2.6855067012942060e+00	
1.0333767706275507e+01	9.2033637777770616e-01	2.6700937271190526e+00	
1.0333709429585292e+01	9.2032827827178365e-01	2.6570897045996076e+00	
1.0333585802749493e+01	9.2031231000280422e-01	2.6622223757140620e+00	
1.0333384542707371e+01	9.2028793616447002e-01	2.6892311781505271e+00	
1.0333102374302362e+01	9.2025406735850168e-01	2.7192115458348707e+00	
1.0332749139195634e+01	9.2020815344324269e-01	2.7187613263932171e+00	
1.0332344414266737e+01	9.2014800808346198e-01	2.6730354863175925e+00	
1.0331909098641646e+01	9.2007638594002827e-01	2.6130759915013320e+00	
1.0331454678150660e+01	9.2000372250313267e-01	2.5973695749713408e+00	
1.0330989490752771e+01	9.1994308927141943e-01	2.6651803549293027e+00	
1.0330556650085002e+01	9.1990033461132492e-01	2.7916361168633164e+00	
1.0330244530817730e+01	9.1987484818828391e-01	2.8602786167187557e+00	
1.0330175120466601e+01	9.1987390661459356e-01	2.7511526531482433e+00	
1.0330564954230651e+01	9.1992274482200898e-01	2.5278622775482340e+00	
