1.0333333333334355e+01	9.2027907737089487e-01	2.6790123456791592e+00	
1.0333333333334469e+01	9.2027907737088177e-01	2.6790123456791486e+00	
1.0333333333334933e+01	9.2027907737082149e-01	2.6790123456791686e+00	
1.0333333333335586e+01	9.2027907737073567e-01	2.6790123456792045e+00	
1.0333333333336512e+01	9.2027907737061310e-01	2.6790123456792627e+00	
1.0333333333337841e+01	9.2027907737043646e-01	2.6790123456793538e+00	
1.0333333333339796e+01	9.2027907737017578e-01	2.6790123456794972e+00	
1.0333333333342761e+01	9.2027907736977965e-01	2.6790123456797201e+00	
1.0333333333347399e+01	9.2027907736915937e-01	2.6790123456800665e+00	
1.0333333333354888e+01	9.2027907736815751e-01	2.6790123456806181e+00	
1.0333333333367317e+01	9.2027907736649450e-01	2.6790123456815280e+00	
1.0333333333388376e+01	9.2027907736367609e-01	2.6790123456830757e+00	
1.0333333333424557e+01	9.2027907735883352e-01	2.6790123456857553e+00	
1.0333333333487174e+01	9.2027907735045200e-01	2.6790123456904098e+00	
1.0333333333595832e+01	9.2027907733590730e-01	2.6790123456984825e+00	
1.0333333333784230e+01	9.2027907731068770e-01	2.6790123457124446e+00	
1.0333333334109824e+01	9.2027907726710212e-01	2.6790123457365356e+00	
1.0333333334669506e+01	9.2027907719217927e-01	2.6790123457779469e+00	
1.0333333335624555e+01	9.2027907706432888e-01	2.6790123458486668e+00	
1.0333333337239209e+01	9.2027907684817722e-01	2.6790123459683084e+00	
1.0333333339938630e+01	9.2027907648680751e-01	2.6790123461683537e+00	
1.0333333344393278e+01	9.2027907589046520e-01	2.6790123464983933e+00	
1.0333333351637398e+01	9.2027907492069605e-01	2.6790123470349507e+00	
1.0333333363228588e+01	9.2027907336898451e-01	2.6790123478933983e+00	
1.0333333381451476e+01	9.2027907092948680e-01	2.6790123492430880e+00	
1.0333333409559733e+01	9.2027906716663477e-01	2.6790123513252104e+00	
1.0333333452033706e+01	9.2027906148064398e-01	2.6790123544717033e+00	
1.0333333514804789e+01	9.2027905307747981e-01	2.6790123591217454e+00	
1.0333333605361450e+01	9.2027904095466140e-01	2.6790123658296907e+00	
1.0333333732610692e+01	9.2027902391981098e-01	2.6790123752551191e+00	
1.0333333906332735e+01	9.2027900066365043e-01	2.6790123881227417e+00	
1.0333334136054836e+01	9.2027896991076996e-01	2.6790124051389301e+00	
1.0333334429205433e+01	9.2027893066672539e-01	2.6790124268544471e+00	
1.0333334788516966e+01	9.2027888256572810e-01	2.6790124534714224e+00	
1.0333335208836903e+01	9.2027882629755020e-01	2.6790124846070342e+00	
1.0333335673771868e+01	9.2027876405677178e-01	2.6790125190457870e+00	
1.0333336152883065e+01	9.2027869991823397e-01	2.6790125545330845e+00	
1.0333336600388018e+01	9.2027864001083137e-01	2.6790125876795794e+00	
1.0333336956393234e+01	9.2027859235249831e-01	2.6790126140512096e+00	
1.0333337151476043e+01	9.2027856623683557e-01	2.6790126285060434e+00	
1.0333337114890931e+01	9.2027857113453482e-01	2.6790126258005760e+00	
1.0333336785828484e+01	9.2027861518613996e-01	2.6790126014253990e+00	
1.0333336126158326e+01	9.2027870349616003e-01	2.6790125525538286e+00	
1.0333335132207292e+01	9.2027883655632248e-01	2.6790124789183039e+00	
1.0333333842679876e+01	9.2027900918526617e-01	2.6790123833954049e+00	
1.0333332340088079e+01	9.2027921033712023e-01	2.6790122721034901e+00	
1.0333330744125348e+01	9.2027942398853202e-01	2.6790121539029990e+00	
1.0333329197146968e+01	9.2027963108240152e-01	2.6790120393212362e+00	
1.0333327843904124e+01	9.2027981224087907e-01	2.6790119390650298e+00	
1.0333326809354011e+01	9.2027995073592794e-01	2.6790118623956589e+00	
1.0333326179180400e+01	9.2028003509704248e-01	2.6790118156906524e+00	
1.0333325987270488e+01	9.2028006078772928e-01	2.6790118014944793e+00	
1.0333326212830384e+01	9.2028003059166197e-01	2.6790118182678651e+00	
1.0333326787498471e+01	9.2027995366041915e-01	2.6790118608964817e+00	
1.0333327610413017e+01	9.2027984349638237e-01	2.6790119218379487e+00	
1.0333328567422598e+01	9.2027971538103426e-01	2.6790119926149583e+00	
1.0333329549990676e+01	9.2027958384420672e-01	2.6790120652655731e+00	
1.0333330469946787e+01	9.2027946068933597e-01	2.6790121333986265e+00	
1.0333331267778137e+01	9.2027935388346949e-01	2.6790121926809722e+00	
1.0333331914067715e+01	9.2027926736474441e-01	2.6790122408254393e+00	
1.0333332405356192e+01	9.2027920159635235e-01	2.6790122773129541e+00	
1.0333332756696109e+01	9.2027915456330178e-01	2.6790123030598778e+00	
1.0333332993336867e+01	9.2027912288553682e-01	2.6790123200604050e+00	
1.0333333143475294e+01	9.2027910278840608e-01	2.6790123308744440e+00	
1.0333333233152457e+01	9.2027909078580838e-01	2.6790123378930359e+00	
1.0333333283518931e+01	9.2027908404627601e-01	2.6790123426067276e+00	
1.0333333310072369e+01	9.2027908049502105e-01	2.6790123453594274e+00	
1.0333333323184112e+01	9.2027907874342507e-01	2.6790123459264947e+00	
1.0333333329232087e+01	9.2027907793736630e-01	2.6790123446285805e+00	
1.0333333331829818e+01	9.2027907759268501e-01	2.6790123430264483e+00	
1.0333333332864020e+01	9.2027907745628701e-01	2.6790123432715771e+00	
1.0333333333240997e+01	9.2027907740624160e-01	2.6790123462468642e+00	
1.0333333333359715e+01	9.2027907738848191e-01	2.6790123500617709e+00	
1.0333333333379969e+01	9.2027907738095671e-01	2.6790123508469890e+00	
1.0333333333359242e+01	9.2027907737537928e-01	2.6790123461629403e+00	
1.0333333333315762e+01	9.2027907736887571e-01	2.6790123385165012e+00	
1.0333333333254791e+01	9.2027907736056824e-01	2.6790123350615747e+00	
1.0333333333178667e+01	9.2027907735035075e-01	2.6790123418693268e+00	
1.0333333333090383e+01	9.2027907733852798e-01	2.6790123564836645e+00	
1.0333333332994926e+01	9.2027907732574876e-01	2.6790123663279037e+00	
1.0333333332899841e+01	9.2027907731301939e-01	2.6790123577717035e+00	
