1.0333333619181461e+01	9.2027902852689603e-01	2.6790124219898672e+00	
1.0333333523286967e+01	9.2027903871855277e-01	2.6790124422971995e+00	
1.0333333108541423e+01	9.2027909174601674e-01	2.6790124320404773e+00	
1.0333332655122003e+01	9.2027915011087458e-01	2.6790124120444161e+00	
1.0333332178246719e+01	9.2027921178342253e-01	2.6790123839025930e+00	
1.0333331695552396e+01	9.2027927440878043e-01	2.6790123496872726e+00	
1.0333331226047388e+01	9.2027933544705998e-01	2.6790123117662969e+00	
1.0333330788883909e+01	9.2027939233771072e-01	2.6790122726091017e+00	
1.0333330402056815e+01	9.2027944267371686e-01	2.6790122345993130e+00	
1.0333330081150203e+01	9.2027948436941420e-01	2.6790121998692107e+00	
1.0333329838253386e+01	9.2027951580564393e-01	2.6790121701680860e+00	
1.0333329681153138e+01	9.2027953593793765e-01	2.6790121467724761e+00	
1.0333329612880780e+01	9.2027954435720860e-01	2.6790121304419032e+00	
1.0333329631654342e+01	9.2027954129757061e-01	2.6790121214194405e+00	
1.0333329731212551e+01	9.2027952759170828e-01	2.6790121194725112e+00	
1.0333329901495009e+01	9.2027950457991459e-01	2.6790121239661961e+00	
1.0333330129587006e+01	9.2027947398370780e-01	2.6790121339591400e+00	
1.0333330400823053e+01	9.2027943775820631e-01	2.6790121483111160e+00	
1.0333330699932905e+01	9.2027939793882019e-01	2.6790121657914430e+00	
1.0333331012118455e+01	9.2027935649719717e-01	2.6790121851786695e+00	
1.0333331323967668e+01	9.2027931521899053e-01	2.6790122053439855e+00	
1.0333331624139122e+01	9.2027927561232992e-01	2.6790122253134467e+00	
1.0333331903783447e+01	9.2027923885151430e-01	2.6790122443069087e+00	
1.0333332156700459e+01	9.2027920575608380e-01	2.6790122617541878e+00	
1.0333332379259431e+01	9.2027917680159765e-01	2.6790122772911991e+00	
1.0333332570130676e+01	9.2027915215566258e-01	2.6790122907403147e+00	
1.0333332729888513e+01	9.2027913173117604e-01	2.6790123020800034e+00	
1.0333332860548039e+01	9.2027911524842221e-01	2.6790123114088837e+00	
1.0333332965092678e+01	9.2027910229839449e-01	2.6790123189087716e+00	
1.0333333047038288e+01	9.2027909240121719e-01	2.6790123248103965e+00	
1.0333333110065238e+01	9.2027908505545464e-01	2.6790123293642676e+00	
1.0333333157735229e+01	9.2027907977607371e-01	2.6790123328180422e+00	
1.0333333193296264e+01	9.2027907612058879e-01	2.6790123354006727e+00	
1.0333333219569116e+01	9.2027907370429474e-01	2.6790123373128605e+00	
1.0333333238901776e+01	9.2027907220638538e-01	2.6790123387227718e+00	
1.0333333253175271e+01	9.2027907136918918e-01	2.6790123397657779e+00	
1.0333333263843917e+01	9.2027907099278550e-01	2.6790123405469135e+00	
1.0333333271994876e+01	9.2027907092703221e-01	2.6790123411449036e+00	
1.0333333278414889e+01	9.2027907106261941e-01	2.6790123416168288e+00	
1.0333333283655582e+01	9.2027907132231601e-01	2.6790123420027676e+00	
1.0333333288091890e+01	9.2027907165312561e-01	2.6790123423299868e+00	
1.0333333291970961e+01	9.2027907201971426e-01	2.6790123426164687e+00	
1.0333333295450887e+01	9.2027907239919648e-01	2.6790123428737189e+00	
1.0333333298629951e+01	9.2027907277718723e-01	2.6790123431088890e+00	
1.0333333301567732e+01	9.2027907314494017e-01	2.6790123433263116e+00	
1.0333333304299744e+01	9.2027907349735083e-01	2.6790123435285680e+00	
1.0333333306847184e+01	9.2027907383161367e-01	2.6790123437171984e+00	
1.0333333309223150e+01	9.2027907414634857e-01	2.6790123438931550e+00	
1.0333333311436482e+01	9.2027907444104917e-01	2.6790123440570812e+00	
1.0333333313493988e+01	9.2027907471574422e-01	2.6790123442094744e+00	
1.0333333315401699e+01	9.2027907497079453e-01	2.6790123443507778e+00	
1.0333333317165501e+01	9.2027907520676822e-01	2.6790123444814249e+00	
1.0333333318791434e+01	9.2027907542436971e-01	2.6790123446018614e+00	
1.0333333320285778e+01	9.2027907562439248e-01	2.6790123447125516e+00	
1.0333333321655070e+01	9.2027907580768908e-01	2.6790123448139802e+00	
1.0333333322906027e+01	9.2027907597515068e-01	2.6790123449066434e+00	
1.0333333324045496e+01	9.2027907612769000e-01	2.6790123449910488e+00	
1.0333333325080380e+01	9.2027907626622940e-01	2.6790123450677070e+00	
1.0333333326017554e+01	9.2027907639168871e-01	2.6790123451371279e+00	
1.0333333326863812e+01	9.2027907650497698e-01	2.6790123451998142e+00	
1.0333333327625803e+01	9.2027907660698482e-01	2.6790123452562584e+00	
1.0333333328309990e+01	9.2027907669857689e-01	2.6790123453069397e+00	
1.0333333328922606e+01	9.2027907678058785e-01	2.6790123453523189e+00	
1.0333333329469625e+01	9.2027907685381705e-01	2.6790123453928394e+00	
1.0333333329956734e+01	9.2027907691902633e-01	2.6790123454289225e+00	
1.0333333330389316e+01	9.2027907697693612e-01	2.6790123454609667e+00	
1.0333333330772442e+01	9.2027907702822487e-01	2.6790123454893471e+00	
1.0333333331110859e+01	9.2027907707352874e-01	2.6790123455144164e+00	
1.0333333331408994e+01	9.2027907711343981e-01	2.6790123455365018e+00	
1.0333333331670948e+01	9.2027907714850732e-01	2.6790123455559067e+00	
1.0333333331900514e+01	9.2027907717923951e-01	2.6790123455729131e+00	
1.0333333332101173e+01	9.2027907720610180e-01	2.6790123455877781e+00	
1.0333333332276116e+01	9.2027907722952140e-01	2.6790123456007380e+00	
1.0333333332428246e+01	9.2027907724988756e-01	2.6790123456120081e+00	
1.0333333332560208e+01	9.2027907726755309e-01	2.6790123456217847e+00	
1.0333333332674385e+01	9.2027907728283820e-01	2.6790123456302433e+00	
1.0333333332772931e+01	9.2027907729603020e-01	2.6790123456375450e+00	
1.0333333332857771e+01	9.2027907730738778e-01	2.6790123456438311e+00	
1.0333333332930636e+01	9.2027907731714209e-01	2.6790123456492299e+00	
1.0333333332993059e+01	9.2027907732549885e-01	2.6790123456538550e+00	
1.0333333333046415e+01	9.2027907733264125e-01	2.6790123456578097e+00	
