1.0333333375267332e+01	9.2027907100123829e-01	2.6790123514466004e+00	
1.0333333381970220e+01	9.2027907022282651e-01	2.6790123509520942e+00	
1.0333333408142380e+01	9.2027906682031635e-01	2.6790123522595106e+00	
1.0333333446260108e+01	9.2027906180338281e-01	2.6790123546849287e+00	
1.0333333501333996e+01	9.2027905450342040e-01	2.6790123585157581e+00	
1.0333333580153626e+01	9.2027904401339000e-01	2.6790123642002510e+00	
1.0333333691772154e+01	9.2027902912297910e-01	2.6790123723737391e+00	
1.0333333848053764e+01	9.2027900824534403e-01	2.6790123838925601e+00	
1.0333334064258958e+01	9.2027897933878411e-01	2.6790123998729363e+00	
1.0333334359623260e+01	9.2027893982929276e-01	2.6790124217308615e+00	
1.0333334757861044e+01	9.2027888654313361e-01	2.6790124512174782e+00	
1.0333335287498921e+01	9.2027881566222758e-01	2.6790124904425081e+00	
1.0333335981915688e+01	9.2027872271882405e-01	2.6790125418764146e+00	
1.0333336878942317e+01	9.2027860264906514e-01	2.6790126083202570e+00	
1.0333338019862612e+01	9.2027844992677943e-01	2.6790126928313538e+00	
1.0333339447660457e+01	9.2027825879813951e-01	2.6790127985932521e+00	
1.0333341204391276e+01	9.2027802363355327e-01	2.6790129287209026e+00	
1.0333343327621012e+01	9.2027773940438651e-01	2.6790130859968042e+00	
1.0333345845979409e+01	9.2027740227825527e-01	2.6790132725415776e+00	
1.0333348774014540e+01	9.2027701030785247e-01	2.6790134894327902e+00	
1.0333352106703098e+01	9.2027656416586090e-01	2.6790137362982964e+00	
1.0333355814146826e+01	9.2027606785494043e-01	2.6790140109233769e+00	
1.0333359837141753e+01	9.2027552930087009e-01	2.6790143089225267e+00	
1.0333364084407703e+01	9.2027496072343073e-01	2.6790146235342394e+00	
1.0333368432273323e+01	9.2027437867856143e-01	2.6790149455976735e+00	
1.0333372727494448e+01	9.2027380368105949e-01	2.6790152637614293e+00	
1.0333376793623367e+01	9.2027325935192650e-01	2.6790155649553427e+00	
1.0333380440949393e+01	9.2027277108763073e-01	2.6790158351268269e+00	
1.0333383479532712e+01	9.2027236431527670e-01	2.6790160602063389e+00	
1.0333385734319714e+01	9.2027206246914173e-01	2.6790162272270193e+00	
1.0333387060848439e+01	9.2027188488821421e-01	2.6790163254880541e+00	
1.0333387359726826e+01	9.2027184487801916e-01	2.6790163476271198e+00	
1.0333386587982480e+01	9.2027194819124813e-01	2.6790162904610990e+00	
1.0333384765596364e+01	9.2027219215310474e-01	2.6790161554700500e+00	
1.0333381976048004e+01	9.2027256558831438e-01	2.6790159488375949e+00	
1.0333378360458914e+01	9.2027304960512668e-01	2.6790156810171051e+00	
1.0333374105809176e+01	9.2027361917273109e-01	2.6790153658588709e+00	
1.0333369428566444e+01	9.2027424531281132e-01	2.6790150193974460e+00	
1.0333364555745629e+01	9.2027489763505665e-01	2.6790146584486765e+00	
1.0333359705778713e+01	9.2027554689810409e-01	2.6790142991926613e+00	
1.0333355071544258e+01	9.2027616728136930e-01	2.6790139559166777e+00	
1.0333350807491842e+01	9.2027673810870458e-01	2.6790136400614339e+00	
1.0333347022082719e+01	9.2027724486038043e-01	2.6790133596611123e+00	
1.0333343775900135e+01	9.2027767942607308e-01	2.6790131192033875e+00	
1.0333341084931169e+01	9.2027803966553967e-01	2.6790129198725161e+00	
1.0333338927843506e+01	9.2027832843448254e-01	2.6790127600883511e+00	
1.0333337255682043e+01	9.2027855228647804e-01	2.6790126362246092e+00	
1.0333336002330057e+01	9.2027872007253464e-01	2.6790125433837702e+00	
1.0333335094285760e+01	9.2027884163231066e-01	2.6790124761212670e+00	
1.0333334458710098e+01	9.2027892671675071e-01	2.6790124290416197e+00	
1.0333334029193381e+01	9.2027898421610721e-01	2.6790123972255966e+00	
1.0333333749156598e+01	9.2027902170460274e-01	2.6790123764821603e+00	
1.0333333573167009e+01	9.2027904526431170e-01	2.6790123634459242e+00	
1.0333333466665559e+01	9.2027905952165090e-01	2.6790123555569583e+00	
1.0333333404675212e+01	9.2027906782029334e-01	2.6790123509651131e+00	
1.0333333370014577e+01	9.2027907246030938e-01	2.6790123483976913e+00	
1.0333333351424866e+01	9.2027907494891203e-01	2.6790123470207092e+00	
1.0333333341876209e+01	9.2027907622718896e-01	2.6790123463134359e+00	
1.0333333337187252e+01	9.2027907685489896e-01	2.6790123459661430e+00	
1.0333333334990311e+01	9.2027907714900203e-01	2.6790123458034443e+00	
1.0333333334010348e+01	9.2027907728018843e-01	2.6790123457308939e+00	
1.0333333333595228e+01	9.2027907733575887e-01	2.6790123457001851e+00	
1.0333333333428698e+01	9.2027907735805048e-01	2.6790123456878918e+00	
1.0333333333365633e+01	9.2027907736649150e-01	2.6790123456832657e+00	
1.0333333333343168e+01	9.2027907736949710e-01	2.6790123456816479e+00	
1.0333333333335670e+01	9.2027907737049897e-01	2.6790123456811408e+00	
1.0333333333333334e+01	9.2027907737080961e-01	2.6790123456810169e+00	
1.0333333333332655e+01	9.2027907737089809e-01	2.6790123456810178e+00	
1.0333333333332471e+01	9.2027907737092074e-01	2.6790123456810568e+00	
1.0333333333332417e+01	9.2027907737092529e-01	2.6790123456811052e+00	
1.0333333333332398e+01	9.2027907737092562e-01	2.6790123456811554e+00	
1.0333333333332387e+01	9.2027907737092451e-01	2.6790123456812034e+00	
1.0333333333332380e+01	9.2027907737092318e-01	2.6790123456812451e+00	
1.0333333333332369e+01	9.2027907737092196e-01	2.6790123456812718e+00	
1.0333333333332359e+01	9.2027907737092074e-01	2.6790123456812718e+00	
1.0333333333332348e+01	9.2027907737091930e-01	2.6790123456812269e+00	
1.0333333333332339e+01	9.2027907737091785e-01	2.6790123456811026e+00	
1.0333333333332329e+01	9.2027907737091641e-01	2.6790123456808415e+00	
1.0333333333332318e+01	9.2027907737091508e-01	2.6790123456803463e+00	
1.0333333333332305e+01	9.2027907737091352e-01	2.6790123456794550e+00	
1.0333333333332297e+01	9.2027907737091219e-01	2.6790123456778971e+00	
