1.0333333514578030e+01	9.2027904976489050e-01	2.6790123710692098e+00	
1.0333333539236985e+01	9.2027904693607487e-01	2.6790123687705054e+00	
1.0333333636670426e+01	9.2027903430293556e-01	2.6790123732323186e+00	
1.0333333771867249e+01	9.2027901655978150e-01	2.6790123814275089e+00	
1.0333333957694540e+01	9.2027899199071772e-01	2.6790123940044124e+00	
1.0333334210370490e+01	9.2027895843053764e-01	2.6790124119535053e+00	
1.0333334549921132e+01	9.2027891320363986e-01	2.6790124366144199e+00	
1.0333335000520256e+01	9.2027885307857948e-01	2.6790124696811271e+00	
1.0333335590619033e+01	9.2027877425076476e-01	2.6790125131969531e+00	
1.0333336352752232e+01	9.2027867236845606e-01	2.6790125695298235e+00	
1.0333337322894389e+01	9.2027854261899678e-01	2.6790126413172697e+00	
1.0333338539238216e+01	9.2027837989239447e-01	2.6790127313709262e+00	
1.0333340040284106e+01	9.2027817903712139e-01	2.6790128425316047e+00	
1.0333341862170325e+01	9.2027793521755730e-01	2.6790129774692630e+00	
1.0333344035242133e+01	9.2027764437331616e-01	2.6790131384273712e+00	
1.0333346579955522e+01	9.2027730376764560e-01	2.6790133269185152e+00	
1.0333349502333276e+01	9.2027691259574895e-01	2.6790135433871876e+00	
1.0333352789327055e+01	9.2027647260568723e-01	2.6790137868658430e+00	
1.0333356404571427e+01	9.2027598866680294e-01	2.6790140546601360e+00	
1.0333360285120687e+01	9.2027546920657888e-01	2.6790143421070560e+00	
1.0333364339809243e+01	9.2027492643014275e-01	2.6790146424533825e+00	
1.0333368449845322e+01	9.2027437624079600e-01	2.6790149468996072e+00	
1.0333372472115423e+01	9.2027383779765648e-01	2.6790152448446785e+00	
1.0333376245437041e+01	9.2027333267861888e-01	2.6790155243491474e+00	
1.0333379599661273e+01	9.2027288366180282e-01	2.6790157728094171e+00	
1.0333382367128825e+01	9.2027251319196146e-01	2.6790159778063303e+00	
1.0333384395576298e+01	9.2027224165274435e-01	2.6790161280611748e+00	
1.0333385561242849e+01	9.2027208561213680e-01	2.6790162144065350e+00	
1.0333385780711710e+01	9.2027205623726782e-01	2.6790162306634318e+00	
1.0333385019996348e+01	9.2027215807806684e-01	2.6790161743143588e+00	
1.0333383299581513e+01	9.2027238839243197e-01	2.6790160468766921e+00	
1.0333380694550074e+01	9.2027273712925095e-01	2.6790158539120852e+00	
1.0333377329520470e+01	9.2027318760611232e-01	2.6790156046514686e+00	
1.0333373368800208e+01	9.2027371782743783e-01	2.6790153112656951e+00	
1.0333369002816726e+01	9.2027430230095664e-01	2.6790149878604259e+00	
1.0333364432403124e+01	9.2027491414135676e-01	2.6790146493121236e+00	
1.0333359852797802e+01	9.2027552721223560e-01	2.6790143100828443e+00	
1.0333355439211457e+01	9.2027611805824572e-01	2.6790139831511364e+00	
1.0333351335523396e+01	9.2027666741832070e-01	2.6790136791747208e+00	
1.0333347647149560e+01	9.2027716118044511e-01	2.6790134059621979e+00	
1.0333344438476161e+01	9.2027759072522486e-01	2.6790131682829359e+00	
1.0333341734597019e+01	9.2027795269332435e-01	2.6790129679957611e+00	
1.0333339526543718e+01	9.2027824828531479e-01	2.6790128044363688e+00	
1.0333337778840631e+01	9.2027848225028919e-01	2.6790126749769549e+00	
1.0333336438090829e+01	9.2027866173647133e-01	2.6790125756622052e+00	
1.0333335441392997e+01	9.2027879516444155e-01	2.6790125018327724e+00	
1.0333334723652531e+01	9.2027889124840345e-01	2.6790124486668416e+00	
1.0333334223205359e+01	9.2027895824331607e-01	2.6790124115967067e+00	
1.0333333885540569e+01	9.2027900344655233e-01	2.6790123865845255e+00	
1.0333333665220586e+01	9.2027903294083568e-01	2.6790123702645516e+00	
1.0333333526314378e+01	9.2027905153625311e-01	2.6790123599752285e+00	
1.0333333441766351e+01	9.2027906285473537e-01	2.6790123537124377e+00	
1.0333333392133646e+01	9.2027906949909799e-01	2.6790123500359679e+00	
1.0333333364064087e+01	9.2027907325679703e-01	2.6790123479567693e+00	
1.0333333348789282e+01	9.2027907530165765e-01	2.6790123468253313e+00	
1.0333333340801948e+01	9.2027907637094031e-01	2.6790123462337068e+00	
1.0333333336794515e+01	9.2027907690743016e-01	2.6790123459368904e+00	
1.0333333334868536e+01	9.2027907716527280e-01	2.6790123457942574e+00	
1.0333333333983491e+01	9.2027907728376257e-01	2.6790123457287316e+00	
1.0333333333595414e+01	9.2027907733572167e-01	2.6790123457000194e+00	
1.0333333333433409e+01	9.2027907735741421e-01	2.6790123456880544e+00	
1.0333333333369190e+01	9.2027907736601500e-01	2.6790123456833346e+00	
1.0333333333345088e+01	9.2027907736924441e-01	2.6790123456815871e+00	
1.0333333333336553e+01	9.2027907737038883e-01	2.6790123456809951e+00	
1.0333333333333712e+01	9.2027907737077030e-01	2.6790123456808264e+00	
1.0333333333332824e+01	9.2027907737088954e-01	2.6790123456808033e+00	
1.0333333333332565e+01	9.2027907737092396e-01	2.6790123456808290e+00	
1.0333333333332494e+01	9.2027907737093295e-01	2.6790123456808708e+00	
1.0333333333332474e+01	9.2027907737093495e-01	2.6790123456809178e+00	
1.0333333333332465e+01	9.2027907737093473e-01	2.6790123456809667e+00	
1.0333333333332460e+01	9.2027907737093417e-01	2.6790123456810173e+00	
1.0333333333332455e+01	9.2027907737093351e-01	2.6790123456810679e+00	
1.0333333333332448e+01	9.2027907737093240e-01	2.6790123456811177e+00	
1.0333333333332442e+01	9.2027907737093151e-01	2.6790123456811656e+00	
1.0333333333332437e+01	9.2027907737093062e-01	2.6790123456812069e+00	
1.0333333333332428e+01	9.2027907737092951e-01	2.6790123456812345e+00	
1.0333333333332419e+01	9.2027907737092840e-01	2.6790123456812380e+00	
1.0333333333332412e+01	9.2027907737092729e-01	2.6790123456812007e+00	
1.0333333333332403e+01	9.2027907737092618e-01	2.6790123456810888e+00	
1.0333333333332391e+01	9.2027907737092507e-01	2.6790123456808499e+00	
1.0333333333332384e+01	9.2027907737092385e-01	2.6790123456803969e+00	
