1.0333333333385175e+01	9.2027907736322312e-01	2.6790123456858614e+00	
1.0333333333396787e+01	9.2027907736184045e-01	2.6790123456854347e+00	
1.0333333333441596e+01	9.2027907735598058e-01	2.6790123456880162e+00	
1.0333333333515572e+01	9.2027907734618930e-01	2.6790123456930739e+00	
1.0333333333637700e+01	9.2027907732993042e-01	2.6790123457018788e+00	
1.0333333333838889e+01	9.2027907730307068e-01	2.6790123457166439e+00	
1.0333333334169181e+01	9.2027907725891300e-01	2.6790123457410315e+00	
1.0333333334709069e+01	9.2027907718668545e-01	2.6790123457809782e+00	
1.0333333335587058e+01	9.2027907706918721e-01	2.6790123458459889e+00	
1.0333333337006634e+01	9.2027907687917965e-01	2.6790123459511279e+00	
1.0333333339287133e+01	9.2027907657391406e-01	2.6790123461200452e+00	
1.0333333342924837e+01	9.2027907608695514e-01	2.6790123463895004e+00	
1.0333333348682917e+01	9.2027907531613762e-01	2.6790123468160219e+00	
1.0333333357721697e+01	9.2027907410613041e-01	2.6790123474855601e+00	
1.0333333371783894e+01	9.2027907222363603e-01	2.6790123485272028e+00	
1.0333333393452897e+01	9.2027906932281722e-01	2.6790123501323135e+00	
1.0333333426504936e+01	9.2027906489815148e-01	2.6790123525806129e+00	
1.0333333476377570e+01	9.2027905822171330e-01	2.6790123562748822e+00	
1.0333333550775469e+01	9.2027904826207918e-01	2.6790123617858370e+00	
1.0333333660428320e+01	9.2027903358286822e-01	2.6790123699082704e+00	
1.0333333820001984e+01	9.2027901222076280e-01	2.6790123817285414e+00	
1.0333334049140506e+01	9.2027898154601839e-01	2.6790123987017647e+00	
1.0333334373579696e+01	9.2027893811338524e-01	2.6790124227342962e+00	
1.0333334826222343e+01	9.2027887751817250e-01	2.6790124562633788e+00	
1.0333335448000049e+01	9.2027879428087389e-01	2.6790125023209828e+00	
1.0333336288272791e+01	9.2027868179368033e-01	2.6790125645633998e+00	
1.0333337404443775e+01	9.2027853237203916e-01	2.6790126472427165e+00	
1.0333338860411336e+01	9.2027833746190180e-01	2.6790127550921379e+00	
1.0333340723464790e+01	9.2027808805527700e-01	2.6790128930960484e+00	
1.0333343059286312e+01	9.2027777535933086e-01	2.6790130661197815e+00	
1.0333345924874749e+01	9.2027739174367873e-01	2.6790132783854563e+00	
1.0333349359480486e+01	9.2027693195393334e-01	2.6790135328004845e+00	
1.0333353374035081e+01	9.2027639452675514e-01	2.6790138301745809e+00	
1.0333357940046099e+01	9.2027578327649262e-01	2.6790141683971633e+00	
1.0333362979438064e+01	9.2027510865515993e-01	2.6790145416848357e+00	
1.0333368357245439e+01	9.2027438873060530e-01	2.6790149400401329e+00	
1.0333373879265100e+01	9.2027364950075285e-01	2.6790153490776447e+00	
1.0333379296613062e+01	9.2027292428357388e-01	2.6790157503615575e+00	
1.0333384318501485e+01	9.2027225200662266e-01	2.6790161223521118e+00	
1.0333388633439101e+01	9.2027167436894275e-01	2.6790164419759925e+00	
1.0333391937567148e+01	9.2027123204777384e-01	2.6790166867252827e+00	
1.0333393967214899e+01	9.2027096034039690e-01	2.6790168370689571e+00	
1.0333394531347615e+01	9.2027088482039321e-01	2.6790168788564044e+00	
1.0333393538777324e+01	9.2027101769499631e-01	2.6790168053330161e+00	
1.0333391015141387e+01	9.2027135553220063e-01	2.6790166183978346e+00	
1.0333387105873976e+01	9.2027187886296402e-01	2.6790163288236690e+00	
1.0333382063587159e+01	9.2027255387045304e-01	2.6790159553223765e+00	
1.0333376221047621e+01	9.2027333600757699e-01	2.6790155225431724e+00	
1.0333369953678089e+01	9.2027417501684694e-01	2.6790150582949943e+00	
1.0333363637566064e+01	9.2027502055168831e-01	2.6790145904360640e+00	
1.0333357609793421e+01	9.2027582748709047e-01	2.6790141439353534e+00	
1.0333352137274893e+01	9.2027656009120706e-01	2.6790137385643216e+00	
1.0333347398362143e+01	9.2027719448804768e-01	2.6790133875342352e+00	
1.0333343478735113e+01	9.2027771920754164e-01	2.6790130971918087e+00	
1.0333340380267105e+01	9.2027813399880387e-01	2.6790128676758607e+00	
1.0333338039307110e+01	9.2027844738269760e-01	2.6790126942715444e+00	
1.0333336349648476e+01	9.2027867357703275e-01	2.6790125691117335e+00	
1.0333335185483939e+01	9.2027882942357353e-01	2.6790124828773916e+00	
1.0333334420678568e+01	9.2027893180796694e-01	2.6790124262252020e+00	
1.0333333942283433e+01	9.2027899585066220e-01	2.6790123907885834e+00	
1.0333333657857917e+01	9.2027903392666943e-01	2.6790123697200845e+00	
1.0333333497457151e+01	9.2027905539949750e-01	2.6790123578386043e+00	
1.0333333411859375e+01	9.2027906685845851e-01	2.6790123514980859e+00	
1.0333333368753882e+01	9.2027907262898190e-01	2.6790123483051418e+00	
1.0333333348335543e+01	9.2027907536237874e-01	2.6790123467927223e+00	
1.0333333339271944e+01	9.2027907657571784e-01	2.6790123461213824e+00	
1.0333333335518169e+01	9.2027907707823131e-01	2.6790123458433399e+00	
1.0333333334075165e+01	9.2027907727140135e-01	2.6790123457364250e+00	
1.0333333333563504e+01	9.2027907733989311e-01	2.6790123456984301e+00	
1.0333333333397432e+01	9.2027907736212067e-01	2.6790123456859143e+00	
1.0333333333348556e+01	9.2027907736865888e-01	2.6790123456818717e+00	
1.0333333333335675e+01	9.2027907737037917e-01	2.6790123456801385e+00	
1.0333333333332678e+01	9.2027907737077574e-01	2.6790123456785251e+00	
1.0333333333332071e+01	9.2027907737085268e-01	2.6790123456760568e+00	
1.0333333333331961e+01	9.2027907737086345e-01	2.6790123456719019e+00	
1.0333333333331934e+01	9.2027907737086356e-01	2.6790123456648831e+00	
1.0333333333331920e+01	9.2027907737086168e-01	2.6790123456530730e+00	
1.0333333333331908e+01	9.2027907737085990e-01	2.6790123456331854e+00	
1.0333333333331890e+01	9.2027907737085779e-01	2.6790123455995531e+00	
1.0333333333331872e+01	9.2027907737085524e-01	2.6790123455424539e+00	
1.0333333333331842e+01	9.2027907737085146e-01	2.6790123454454320e+00	
