1.0333336747661505e+01	9.2027855321492646e-01	2.6790128500895345e+00	
1.0333337017486182e+01	9.2027852359510398e-01	2.6790128048700717e+00	
1.0333338145975588e+01	9.2027837850350624e-01	2.6790128384464982e+00	
1.0333339511934049e+01	9.2027820112864678e-01	2.6790129018333673e+00	
1.0333341142893589e+01	9.2027798781382730e-01	2.6790129944916741e+00	
1.0333343061836739e+01	9.2027773551106506e-01	2.6790131159525874e+00	
1.0333345284384899e+01	9.2027744215730467e-01	2.6790132655926864e+00	
1.0333347815725727e+01	9.2027710708559329e-01	2.6790134423703300e+00	
1.0333350647495848e+01	9.2027673144225453e-01	2.6790136445485087e+00	
1.0333353754907039e+01	9.2027631857149073e-01	2.6790138694325067e+00	
1.0333357094460684e+01	9.2027587432125213e-01	2.6790141131526695e+00	
1.0333360602623930e+01	9.2027540722038048e-01	2.6790143705228400e+00	
1.0333364195828809e+01	9.2027492847866788e-01	2.6790146350026975e+00	
1.0333367772093068e+01	9.2027445176983169e-01	2.6790148987865510e+00	
1.0333371214444416e+01	9.2027399277308752e-01	2.6790151530318065e+00	
1.0333374396162061e+01	9.2027356847145447e-01	2.6790153882274974e+00	
1.0333377187643942e+01	9.2027319623244641e-01	2.6790155946878871e+00	
1.0333379464487175e+01	9.2027289272636670e-01	2.6790157631397338e+00	
1.0333381116162794e+01	9.2027267276505487e-01	2.6790158853565873e+00	
1.0333382054507201e+01	9.2027254816518256e-01	2.6790159547818209e+00	
1.0333382221173220e+01	9.2027252675083193e-01	2.6790159670763405e+00	
1.0333381593207081e+01	9.2027261160695728e-01	2.6790159205287467e+00	
1.0333380186054072e+01	9.2027280067706885e-01	2.6790158162759599e+00	
1.0333378053537544e+01	9.2027308676609387e-01	2.6790156583002958e+00	
1.0333375284677654e+01	9.2027345796629290e-01	2.6790154531929069e+00	
1.0333371997576290e+01	9.2027389847592600e-01	2.6790152097002200e+00	
1.0333368330941298e+01	9.2027438973394238e-01	2.6790149380957131e+00	
1.0333364434104151e+01	9.2027491175635368e-01	2.6790146494402332e+00	
1.0333360456556269e+01	9.2027544453705035e-01	2.6790143548067573e+00	
1.0333356538063267e+01	9.2027596937125133e-01	2.6790140645480127e+00	
1.0333352800308763e+01	9.2027646997419810e-01	2.6790137876774343e+00	
1.0333349340788951e+01	9.2027693329853988e-01	2.6790135314168682e+00	
1.0333346229365180e+01	9.2027734999589494e-01	2.6790133009411852e+00	
1.0333343507535888e+01	9.2027771451436546e-01	2.6790130993243242e+00	
1.0333341190165770e+01	9.2027802486710464e-01	2.6790129276673720e+00	
1.0333339269155479e+01	9.2027828214109553e-01	2.6790127853703796e+00	
1.0333337718380903e+01	9.2027848983597293e-01	2.6790126704982358e+00	
1.0333336499187626e+01	9.2027865312851154e-01	2.6790125801876554e+00	
1.0333335565785331e+01	9.2027877815051184e-01	2.6790125110467695e+00	
1.0333334870023204e+01	9.2027887134954389e-01	2.6790124595088547e+00	
1.0333334365207255e+01	9.2027893897794555e-01	2.6790124221150973e+00	
1.0333334008808722e+01	9.2027898673027542e-01	2.6790123957152230e+00	
1.0333333764078574e+01	9.2027901952719604e-01	2.6790123775870800e+00	
1.0333333600707560e+01	9.2027904142713535e-01	2.6790123654855402e+00	
1.0333333494744425e+01	9.2027905563724899e-01	2.6790123576364357e+00	
1.0333333428009901e+01	9.2027906459188802e-01	2.6790123526931553e+00	
1.0333333387229658e+01	9.2027907006868226e-01	2.6790123496724152e+00	
1.0333333363069642e+01	9.2027907331769099e-01	2.6790123478828032e+00	
1.0333333349205862e+01	9.2027907518594576e-01	2.6790123468558753e+00	
1.0333333341509000e+01	9.2027907622661165e-01	2.6790123462857571e+00	
1.0333333337380592e+01	9.2027907678786403e-01	2.6790123459799693e+00	
1.0333333335245227e+01	9.2027907708087398e-01	2.6790123458218149e+00	
1.0333333334183084e+01	9.2027907722900870e-01	2.6790123457431592e+00	
1.0333333333677302e+01	9.2027907730165492e-01	2.6790123457057167e+00	
1.0333333333448625e+01	9.2027907733636172e-01	2.6790123456887995e+00	
1.0333333333352147e+01	9.2027907735266690e-01	2.6790123456816772e+00	
1.0333333333315759e+01	9.2027907736034076e-01	2.6790123456790060e+00	
1.0333333333305129e+01	9.2027907736407766e-01	2.6790123456782440e+00	
1.0333333333304674e+01	9.2027907736604642e-01	2.6790123456782364e+00	
1.0333333333307696e+01	9.2027907736721293e-01	2.6790123456784869e+00	
1.0333333333311502e+01	9.2027907736799486e-01	2.6790123456787964e+00	
1.0333333333315123e+01	9.2027907736857140e-01	2.6790123456790935e+00	
1.0333333333318262e+01	9.2027907736902137e-01	2.6790123456793551e+00	
1.0333333333320892e+01	9.2027907736938219e-01	2.6790123456795807e+00	
1.0333333333323063e+01	9.2027907736967507e-01	2.6790123456797739e+00	
1.0333333333324839e+01	9.2027907736991355e-01	2.6790123456799382e+00	
1.0333333333326292e+01	9.2027907737010839e-01	2.6790123456800803e+00	
1.0333333333327479e+01	9.2027907737026693e-01	2.6790123456802037e+00	
1.0333333333328444e+01	9.2027907737039616e-01	2.6790123456803125e+00	
1.0333333333329229e+01	9.2027907737050141e-01	2.6790123456804089e+00	
1.0333333333329866e+01	9.2027907737058678e-01	2.6790123456804955e+00	
1.0333333333330383e+01	9.2027907737065617e-01	2.6790123456805754e+00	
1.0333333333330803e+01	9.2027907737071224e-01	2.6790123456806487e+00	
1.0333333333331140e+01	9.2027907737075776e-01	2.6790123456807180e+00	
1.0333333333331415e+01	9.2027907737079451e-01	2.6790123456807851e+00	
1.0333333333331636e+01	9.2027907737082382e-01	2.6790123456808481e+00	
1.0333333333331813e+01	9.2027907737084769e-01	2.6790123456809094e+00	
1.0333333333331955e+01	9.2027907737086689e-01	2.6790123456809680e+00	
1.0333333333332071e+01	9.2027907737088210e-01	2.6790123456810226e+00	
1.0333333333332162e+01	9.2027907737089432e-01	2.6790123456810711e+00	
1.0333333333332233e+01	9.2027907737090398e-01	2.6790123456811097e+00	
