1.0333372459543860e+01	9.2027296784620494e-01	2.6790188201907243e+00	
1.0333372506676593e+01	9.2027297121942497e-01	2.6790186515147494e+00	
1.0333373310699113e+01	9.2027287456244922e-01	2.6790185003444558e+00	
1.0333373584276972e+01	9.2027285016216631e-01	2.6790182804636067e+00	
1.0333373310600763e+01	9.2027290021514563e-01	2.6790180001417929e+00	
1.0333372493674938e+01	9.2027302412631440e-01	2.6790176689937102e+00	
1.0333371158562139e+01	9.2027321847669041e-01	2.6790172975118280e+00	
1.0333369350278387e+01	9.2027347717175600e-01	2.6790168966109325e+00	
1.0333367131392654e+01	9.2027379176330726e-01	2.6790164772015612e+00	
1.0333364578502763e+01	9.2027415192175321e-01	2.6790160498045896e+00	
1.0333361777863120e+01	9.2027454602197967e-01	2.6790156242157717e+00	
1.0333358820516079e+01	9.2027496179567658e-01	2.6790152092268000e+00	
1.0333355797318520e+01	9.2027538699770139e-01	2.6790148124079902e+00	
1.0333352794253830e+01	9.2027581003424375e-01	2.6790144399564508e+00	
1.0333349888377647e+01	9.2027622050614188e-01	2.6790140966120068e+00	
1.0333347144669563e+01	9.2027660963091795e-01	2.6790137856409841e+00	
1.0333344613962389e+01	9.2027697052054036e-01	2.6790135088850167e+00	
1.0333342332009174e+01	9.2027729830685956e-01	2.6790132668687217e+00	
1.0333340319639140e+01	9.2027759012124732e-01	2.6790130589566483e+00	
1.0333338583859966e+01	9.2027784494751630e-01	2.6790128835470015e+00	
1.0333337119694855e+01	9.2027806337644225e-01	2.6790127382876125e+00	
1.0333335912504076e+01	9.2027824729539176e-01	2.6790126202989768e+00	
1.0333334940533044e+01	9.2027839954758439e-01	2.6790125263898492e+00	
1.0333334177449363e+01	9.2027852359278717e-01	2.6790124532529234e+00	
1.0333333594673149e+01	9.2027862319564158e-01	2.6790123976311500e+00	
1.0333333163359997e+01	9.2027870216044483e-01	2.6790123564488395e+00	
1.0333332855955478e+01	9.2027876412324361e-01	2.6790123269054029e+00	
1.0333332647296226e+01	9.2027881240458076e-01	2.6790123065329383e+00	
1.0333332515279698e+01	9.2027884991993913e-01	2.6790122932215721e+00	
1.0333332441158584e+01	9.2027887914038675e-01	2.6790122852182381e+00	
1.0333332409536219e+01	9.2027890209321006e-01	2.6790122811055119e+00	
1.0333332408146244e+01	9.2027892039138348e-01	2.6790122797671381e+00	
1.0333332427496526e+01	9.2027893528117810e-01	2.6790122803463245e+00	
1.0333332460446325e+01	9.2027894769866381e-01	2.6790122822017977e+00	
1.0333332501770945e+01	9.2027895832786033e-01	2.6790122848654097e+00	
1.0333332547751969e+01	9.2027896765542672e-01	2.6790122880037885e+00	
1.0333332595816305e+01	9.2027897601879760e-01	2.6790122913854262e+00	
1.0333332644234799e+01	9.2027898364631555e-01	2.6790122948536554e+00	
1.0333332691881894e+01	9.2027899068917385e-01	2.6790122983053375e+00	
1.0333332738051718e+01	9.2027899724579176e-01	2.6790123016746574e+00	
1.0333332782322518e+01	9.2027900337970137e-01	2.6790123049212013e+00	
1.0333332824460216e+01	9.2027900913218996e-01	2.6790123080214676e+00	
1.0333332864352030e+01	9.2027901453091454e-01	2.6790123109630026e+00	
1.0333332901962139e+01	9.2027901959555691e-01	2.6790123137404467e+00	
1.0333332937302957e+01	9.2027902434139752e-01	2.6790123163529498e+00	
1.0333332970416913e+01	9.2027902878147849e-01	2.6790123188025063e+00	
1.0333333001365164e+01	9.2027903292785074e-01	2.6790123210929067e+00	
1.0333333030220649e+01	9.2027903679224488e-01	2.6790123232290823e+00	
1.0333333057063783e+01	9.2027904038639974e-01	2.6790123252166897e+00	
1.0333333081979770e+01	9.2027904372218516e-01	2.6790123270618520e+00	
1.0333333105056802e+01	9.2027904681162198e-01	2.6790123287709853e+00	
1.0333333126384778e+01	9.2027904966684260e-01	2.6790123303506728e+00	
1.0333333146054368e+01	9.2027905230002671e-01	2.6790123318075882e+00	
1.0333333164156228e+01	9.2027905472332694e-01	2.6790123331484179e+00	
1.0333333180780340e+01	9.2027905694879752e-01	2.6790123343798111e+00	
1.0333333196015468e+01	9.2027905898832318e-01	2.6790123355083320e+00	
1.0333333209948659e+01	9.2027906085355771e-01	2.6790123365404224e+00	
1.0333333222664825e+01	9.2027906255586966e-01	2.6790123374823693e+00	
1.0333333234246393e+01	9.2027906410629279e-01	2.6790123383402755e+00	
1.0333333244772987e+01	9.2027906551548710e-01	2.6790123391200376e+00	
1.0333333254321202e+01	9.2027906679370575e-01	2.6790123398273282e+00	
1.0333333262964397e+01	9.2027906795076897e-01	2.6790123404675827e+00	
1.0333333270772538e+01	9.2027906899604439e-01	2.6790123410459814e+00	
1.0333333277812121e+01	9.2027906993843245e-01	2.6790123415674509e+00	
1.0333333284146082e+01	9.2027907078635918e-01	2.6790123420366525e+00	
1.0333333289833794e+01	9.2027907154777233e-01	2.6790123424579853e+00	
1.0333333294931053e+01	9.2027907223014183e-01	2.6790123428355814e+00	
1.0333333299490130e+01	9.2027907284046506e-01	2.6790123431733126e+00	
1.0333333303559831e+01	9.2027907338527537e-01	2.6790123434747946e+00	
1.0333333307185571e+01	9.2027907387065300e-01	2.6790123437433908e+00	
1.0333333310409486e+01	9.2027907430223854e-01	2.6790123439822229e+00	
1.0333333313270554e+01	9.2027907468524917e-01	2.6790123441941787e+00	
1.0333333315804706e+01	9.2027907502449591e-01	2.6790123443819183e+00	
1.0333333318044993e+01	9.2027907532440234e-01	2.6790123445478917e+00	
1.0333333320021694e+01	9.2027907558902367e-01	2.6790123446943399e+00	
1.0333333321762511e+01	9.2027907582206692e-01	2.6790123448233172e+00	
1.0333333323292695e+01	9.2027907602691217e-01	2.6790123449366932e+00	
1.0333333324635197e+01	9.2027907620663230e-01	2.6790123450361678e+00	
1.0333333325810827e+01	9.2027907636401429e-01	2.6790123451232821e+00	
1.0333333326838417e+01	9.2027907650157736e-01	2.6790123451994319e+00	
1.0333333327734943e+01	9.2027907662159503e-01	2.6790123452658752e+00	
