1.0333333333333364e+01	9.2027907737104653e-01	2.6790123456790162e+00	
1.0333333333333377e+01	9.2027907737104475e-01	2.6790123456790162e+00	
1.0333333333333410e+01	9.2027907737104053e-01	2.6790123456790185e+00	
1.0333333333333464e+01	9.2027907737103321e-01	2.6790123456790216e+00	
1.0333333333333552e+01	9.2027907737102133e-01	2.6790123456790282e+00	
1.0333333333333702e+01	9.2027907737100145e-01	2.6790123456790389e+00	
1.0333333333333954e+01	9.2027907737096737e-01	2.6790123456790575e+00	
1.0333333333334378e+01	9.2027907737091053e-01	2.6790123456790886e+00	
1.0333333333335100e+01	9.2027907737081438e-01	2.6790123456791428e+00	
1.0333333333336304e+01	9.2027907737065306e-01	2.6790123456792321e+00	
1.0333333333338336e+01	9.2027907737038117e-01	2.6790123456793826e+00	
1.0333333333341757e+01	9.2027907736992320e-01	2.6790123456796366e+00	
1.0333333333347515e+01	9.2027907736915249e-01	2.6790123456800625e+00	
1.0333333333357205e+01	9.2027907736785508e-01	2.6790123456807802e+00	
1.0333333333373512e+01	9.2027907736567260e-01	2.6790123456819885e+00	
1.0333333333400930e+01	9.2027907736200210e-01	2.6790123456840189e+00	
1.0333333333447015e+01	9.2027907735583259e-01	2.6790123456874331e+00	
1.0333333333524399e+01	9.2027907734547298e-01	2.6790123456931645e+00	
1.0333333333654203e+01	9.2027907732809655e-01	2.6790123457027799e+00	
1.0333333333871602e+01	9.2027907729899305e-01	2.6790123457188835e+00	
1.0333333334235018e+01	9.2027907725034241e-01	2.6790123457458028e+00	
1.0333333334841049e+01	9.2027907716921309e-01	2.6790123457906949e+00	
1.0333333335848600e+01	9.2027907703433209e-01	2.6790123458653281e+00	
1.0333333337517518e+01	9.2027907681091481e-01	2.6790123459889528e+00	
1.0333333340269615e+01	9.2027907644249152e-01	2.6790123461928110e+00	
1.0333333344784069e+01	9.2027907583814195e-01	2.6790123465272151e+00	
1.0333333352144052e+01	9.2027907485286242e-01	2.6790123470723999e+00	
1.0333333364058600e+01	9.2027907325786251e-01	2.6790123479549584e+00	
1.0333333383191947e+01	9.2027907069648418e-01	2.6790123493722438e+00	
1.0333333413641974e+01	9.2027906662014236e-01	2.6790123516278013e+00	
1.0333333461618905e+01	9.2027906019747585e-01	2.6790123551816474e+00	
1.0333333536381883e+01	9.2027905018896450e-01	2.6790123607196454e+00	
1.0333333651491255e+01	9.2027903477928608e-01	2.6790123692462662e+00	
1.0333333826421468e+01	9.2027901136139911e-01	2.6790123822040592e+00	
1.0333334088544849e+01	9.2027897627097344e-01	2.6790124016206058e+00	
1.0333334475429226e+01	9.2027892447880866e-01	2.6790124302787057e+00	
1.0333335037280067e+01	9.2027884926390846e-01	2.6790124718972841e+00	
1.0333335839190470e+01	9.2027874191227144e-01	2.6790125312980479e+00	
1.0333336962638862e+01	9.2027859151639857e-01	2.6790126145164348e+00	
1.0333338505410248e+01	9.2027838498584014e-01	2.6790127287957710e+00	
1.0333340578859445e+01	9.2027810741356908e-01	2.6790128823845518e+00	
1.0333343301271288e+01	9.2027774296485676e-01	2.6790130840445956e+00	
1.0333346786134900e+01	9.2027727644700141e-01	2.6790133421824760e+00	
1.0333351124596504e+01	9.2027669565837433e-01	2.6790136635497217e+00	
1.0333356362331305e+01	9.2027599448457409e-01	2.6790140515296224e+00	
1.0333362472630611e+01	9.2027517650123958e-01	2.6790145041436921e+00	
1.0333369329499245e+01	9.2027425857545697e-01	2.6790150120588909e+00	
1.0333376686598436e+01	9.2027327368462442e-01	2.6790155570278675e+00	
1.0333384169272092e+01	9.2027227198382311e-01	2.6790161112983424e+00	
1.0333391286823442e+01	9.2027131916229443e-01	2.6790166385225187e+00	
1.0333397469934127e+01	9.2027049143413497e-01	2.6790170965288804e+00	
1.0333402133391120e+01	9.2026986714110737e-01	2.6790174419686061e+00	
1.0333404757692845e+01	9.2026951582818040e-01	2.6790176363604146e+00	
1.0333404976199292e+01	9.2026948657693597e-01	2.6790176525460341e+00	
1.0333402649543881e+01	9.2026979804422981e-01	2.6790174802021065e+00	
1.0333397908330632e+01	9.2027043274639608e-01	2.6790171290028932e+00	
1.0333391150049826e+01	9.2027133747208134e-01	2.6790166283918251e+00	
1.0333382986213655e+01	9.2027243035899742e-01	2.6790160236657110e+00	
1.0333374148426069e+01	9.2027361346811132e-01	2.6790153690170664e+00	
1.0333365373483515e+01	9.2027478816502017e-01	2.6790147190231450e+00	
1.0333357293631476e+01	9.2027586981124054e-01	2.6790141205168325e+00	
1.0333350356382248e+01	9.2027679849825572e-01	2.6790136066471932e+00	
1.0333344789232637e+01	9.2027754377087612e-01	2.6790131942659019e+00	
1.0333340611402067e+01	9.2027810305598023e-01	2.6790128847966490e+00	
1.0333337682059547e+01	9.2027849520644867e-01	2.6790126678074273e+00	
1.0333335766670983e+01	9.2027875161927564e-01	2.6790125259250588e+00	
1.0333334602112339e+01	9.2027890751885777e-01	2.6790124396582797e+00	
1.0333333946242330e+01	9.2027899532066570e-01	2.6790123910696666e+00	
1.0333333605753305e+01	9.2027904090280555e-01	2.6790123658385121e+00	
1.0333333443814180e+01	9.2027906258281378e-01	2.6790123538267432e+00	
1.0333333373796071e+01	9.2027907195756453e-01	2.6790123486136501e+00	
1.0333333346543851e+01	9.2027907560718614e-01	2.6790123465517617e+00	
1.0333333337117139e+01	9.2027907687001731e-01	2.6790123457819002e+00	
1.0333333334267111e+01	9.2027907725135549e-01	2.6790123454485752e+00	
1.0333333333526758e+01	9.2027907734851644e-01	2.6790123451804204e+00	
1.0333333333356268e+01	9.2027907736696957e-01	2.6790123447948746e+00	
1.0333333333304749e+01	9.2027907736662851e-01	2.6790123441509301e+00	
1.0333333333264815e+01	9.2027907736190862e-01	2.6790123430791031e+00	
1.0333333333219876e+01	9.2027907735588033e-01	2.6790123413318350e+00	
1.0333333333174949e+01	9.2027907734985070e-01	2.6790123385008671e+00	
1.0333333333142418e+01	9.2027907734549341e-01	2.6790123338406118e+00	
