1.0333366209647217e+01	9.2027396327435806e-01	2.6790176509998349e+00	
1.0333366675261017e+01	9.2027392171479561e-01	2.6790174027272324e+00	
1.0333369255670636e+01	9.2027359760650163e-01	2.6790173059747948e+00	
1.0333371503429833e+01	9.2027331850128891e-01	2.6790171882939315e+00	
1.0333373336059921e+01	9.2027309535365565e-01	2.6790170509948030e+00	
1.0333374681779414e+01	9.2027293768662621e-01	2.6790168945716624e+00	
1.0333375484151048e+01	9.2027285297023997e-01	2.6790167190030689e+00	
1.0333375706048441e+01	9.2027284609107829e-01	2.6790165241198820e+00	
1.0333375332568227e+01	9.2027291896294328e-01	2.6790163099845414e+00	
1.0333374372584336e+01	9.2027307031926442e-01	2.6790160772282015e+00	
1.0333372858750575e+01	9.2027329571319505e-01	2.6790158273018942e+00	
1.0333370845895050e+01	9.2027358773294476e-01	2.6790155626121495e+00	
1.0333368407900858e+01	9.2027393641970900e-01	2.6790152865283381e+00	
1.0333365633313603e+01	9.2027432985599111e-01	2.6790150032660085e+00	
1.0333362620039837e+01	9.2027475487557275e-01	2.6790147176655630e+00	
1.0333359469585558e+01	9.2027519783500877e-01	2.6790144348969962e+00	
1.0333356281319814e+01	9.2027564538171802e-01	2.6790141601280495e+00	
1.0333353147230598e+01	9.2027608515611747e-01	2.6790138981944840e+00	
1.0333350147572133e+01	9.2027650637438951e-01	2.6790136533077580e+00	
1.0333347347693865e+01	9.2027690025300579e-01	2.6790134288278562e+00	
1.0333344796207330e+01	9.2027726025410295e-01	2.6790132271189866e+00	
1.0333342524505829e+01	9.2027758214972810e-01	2.6790130494947642e+00	
1.0333340547520638e+01	9.2027786392049760e-01	2.6790128962488100e+00	
1.0333338865492857e+01	9.2027810551826639e-01	2.6790127667580306e+00	
1.0333337466470764e+01	9.2027830853163561e-01	2.6790126596396462e+00	
1.0333336329214529e+01	9.2027847579689825e-01	2.6790125729401524e+00	
1.0333335426200613e+01	9.2027861099561770e-01	2.6790125043344366e+00	
1.0333334726460869e+01	9.2027871827430852e-01	2.6790124513158933e+00	
1.0333334198055917e+01	9.2027880191306677e-01	2.6790124113627716e+00	
1.0333333810056935e+01	9.2027886605998566e-01	2.6790123820712459e+00	
1.0333333533983909e+01	9.2027891453833588e-01	2.6790123612510452e+00	
1.0333333344712097e+01	9.2027895072492460e-01	2.6790123469840963e+00	
1.0333333220906816e+01	9.2027897749159671e-01	2.6790123376502466e+00	
1.0333333145076681e+01	9.2027899719781514e-01	2.6790123319263266e+00	
1.0333333103348089e+01	9.2027901172056392e-01	2.6790123287658494e+00	
1.0333333085061577e+01	9.2027902250809923e-01	2.6790123273664892e+00	
1.0333333082278271e+01	9.2027903064575001e-01	2.6790123271316424e+00	
1.0333333089265970e+01	9.2027903692445567e-01	2.6790123276310327e+00	
1.0333333102013990e+01	9.2027904190546372e-01	2.6790123285638412e+00	
1.0333333117806642e+01	9.2027904597719457e-01	2.6790123297264730e+00	
1.0333333134869074e+01	9.2027904940243610e-01	2.6790123309858838e+00	
1.0333333152087251e+01	9.2027905235562679e-01	2.6790123322585426e+00	
1.0333333168796091e+01	9.2027905495103490e-01	2.6790123334945428e+00	
1.0333333184625504e+01	9.2027905726320125e-01	2.6790123346660617e+00	
1.0333333199392726e+01	9.2027905934120591e-01	2.6790123357593103e+00	
1.0333333213029706e+01	9.2027906121825498e-01	2.6790123367690875e+00	
1.0333333225535867e+01	9.2027906291789374e-01	2.6790123376952537e+00	
1.0333333236948368e+01	9.2027906445788643e-01	2.6790123385404998e+00	
1.0333333247324070e+01	9.2027906585255403e-01	2.6790123393090024e+00	
1.0333333256728881e+01	9.2027906711413032e-01	2.6790123400056203e+00	
1.0333333265231742e+01	9.2027906825352046e-01	2.6790123406354485e+00	
1.0333333272901264e+01	9.2027906928070768e-01	2.6790123412035589e+00	
1.0333333279803995e+01	9.2027907020496602e-01	2.6790123417148779e+00	
1.0333333286003485e+01	9.2027907103496598e-01	2.6790123421741092e+00	
1.0333333291559883e+01	9.2027907177882851e-01	2.6790123425857075e+00	
1.0333333296529741e+01	9.2027907244415286e-01	2.6790123429538597e+00	
1.0333333300965988e+01	9.2027907303803691e-01	2.6790123432824862e+00	
1.0333333304917973e+01	9.2027907356708960e-01	2.6790123435752431e+00	
1.0333333308431522e+01	9.2027907403744802e-01	2.6790123438355238e+00	
1.0333333311549071e+01	9.2027907445479395e-01	2.6790123440664728e+00	
1.0333333314309781e+01	9.2027907482437032e-01	2.6790123442709892e+00	
1.0333333316749691e+01	9.2027907515100071e-01	2.6790123444517429e+00	
1.0333333318901859e+01	9.2027907543911103e-01	2.6790123446111833e+00	
1.0333333320796525e+01	9.2027907569274958e-01	2.6790123447515510e+00	
1.0333333322461263e+01	9.2027907591560798e-01	2.6790123448748870e+00	
1.0333333323921163e+01	9.2027907611104465e-01	2.6790123449830503e+00	
1.0333333325198977e+01	9.2027907628210548e-01	2.6790123450777261e+00	
1.0333333326315282e+01	9.2027907643154538e-01	2.6790123451604395e+00	
1.0333333327288653e+01	9.2027907656185026e-01	2.6790123452325663e+00	
1.0333333328135785e+01	9.2027907667525610e-01	2.6790123452953414e+00	
1.0333333328871678e+01	9.2027907677377008e-01	2.6790123453498786e+00	
1.0333333329509751e+01	9.2027907685918842e-01	2.6790123453971706e+00	
1.0333333330061981e+01	9.2027907693311539e-01	2.6790123454381045e+00	
1.0333333330539045e+01	9.2027907699697964e-01	2.6790123454734713e+00	
1.0333333330950419e+01	9.2027907705205059e-01	2.6790123455039740e+00	
1.0333333331304511e+01	9.2027907709945289e-01	2.6790123455302344e+00	
1.0333333331608747e+01	9.2027907714018098e-01	2.6790123455528025e+00	
1.0333333331869685e+01	9.2027907717511259e-01	2.6790123455721648e+00	
1.0333333332093090e+01	9.2027907720502000e-01	2.6790123455887489e+00	
1.0333333332284026e+01	9.2027907723058067e-01	2.6790123456029282e+00	
1.0333333332446930e+01	9.2027907725238833e-01	2.6790123456150328e+00	
