1.0333333333341855e+01	9.2027907736976511e-01	2.6790123456801358e+00	
1.0333333333343797e+01	9.2027907736953318e-01	2.6790123456800679e+00	
1.0333333333351295e+01	9.2027907736855230e-01	2.6790123456805026e+00	
1.0333333333363793e+01	9.2027907736689740e-01	2.6790123456813602e+00	
1.0333333333384665e+01	9.2027907736411796e-01	2.6790123456828665e+00	
1.0333333333419519e+01	9.2027907735946424e-01	2.6790123456854262e+00	
1.0333333333477640e+01	9.2027907735169334e-01	2.6790123456897188e+00	
1.0333333333574354e+01	9.2027907733875414e-01	2.6790123456968757e+00	
1.0333333333734856e+01	9.2027907731727387e-01	2.6790123457087605e+00	
1.0333333334000333e+01	9.2027907728173963e-01	2.6790123457284230e+00	
1.0333333334437727e+01	9.2027907722318936e-01	2.6790123457608206e+00	
1.0333333335155121e+01	9.2027907712715529e-01	2.6790123458139603e+00	
1.0333333336325701e+01	9.2027907697045275e-01	2.6790123459006701e+00	
1.0333333338224682e+01	9.2027907671623799e-01	2.6790123460413340e+00	
1.0333333341285460e+01	9.2027907630649375e-01	2.6790123462680588e+00	
1.0333333346183645e+01	9.2027907565077582e-01	2.6790123466308877e+00	
1.0333333353961025e+01	9.2027907460961955e-01	2.6790123472069896e+00	
1.0333333366205123e+01	9.2027907297050471e-01	2.6790123481139596e+00	
1.0333333385304275e+01	9.2027907041370383e-01	2.6790123495287110e+00	
1.0333333414802439e+01	9.2027906646478885e-01	2.6790123517137610e+00	
1.0333333459880825e+01	9.2027906043015073e-01	2.6790123550529001e+00	
1.0333333527994236e+01	9.2027905131181653e-01	2.6790123600983380e+00	
1.0333333629685516e+01	9.2027903769841679e-01	2.6790123676310253e+00	
1.0333333779589488e+01	9.2027901763078968e-01	2.6790123787350231e+00	
1.0333333997613931e+01	9.2027898844388367e-01	2.6790123948849818e+00	
1.0333334310245899e+01	9.2027894659187981e-01	2.6790124180429040e+00	
1.0333334751873844e+01	9.2027888747120201e-01	2.6790124507560833e+00	
1.0333335365938298e+01	9.2027880526647388e-01	2.6790124962423350e+00	
1.0333336205630189e+01	9.2027869285703690e-01	2.6790125584417264e+00	
1.0333337333756049e+01	9.2027854183499680e-01	2.6790126420065903e+00	
1.0333338821303256e+01	9.2027834269729591e-01	2.6790127521952449e+00	
1.0333340744196105e+01	9.2027808527998145e-01	2.6790128946317022e+00	
1.0333343177773763e+01	9.2027775949744317e-01	2.6790130748966283e+00	
1.0333346188687045e+01	9.2027735642719410e-01	2.6790132979270984e+00	
1.0333349824237430e+01	9.2027686973705658e-01	2.6790135672268991e+00	
1.0333354099680687e+01	9.2027629738482186e-01	2.6790138839260522e+00	
1.0333358984659320e+01	9.2027564343452617e-01	2.6790142457758166e+00	
1.0333364390624972e+01	9.2027491974019682e-01	2.6790146462170212e+00	
1.0333370161714026e+01	9.2027414716730960e-01	2.6790150737041953e+00	
1.0333376071848070e+01	9.2027335598091986e-01	2.6790155114907970e+00	
1.0333381830637299e+01	9.2027258505534970e-01	2.6790159380665197e+00	
1.0333387099812537e+01	9.2027187967442770e-01	2.6790163283744888e+00	
1.0333391520370377e+01	9.2027128789758061e-01	2.6790166558219992e+00	
1.0333394748543320e+01	9.2027085574456713e-01	2.6790168949449602e+00	
1.0333396496469577e+01	9.2027062175108021e-01	2.6790170244204385e+00	
1.0333396571569175e+01	9.2027061169755664e-01	2.6790170299833691e+00	
1.0333394907714597e+01	9.2027083443642710e-01	2.6790169067354563e+00	
1.0333391581772872e+01	9.2027127967765410e-01	2.6790166603704986e+00	
1.0333386811144385e+01	9.2027191831818411e-01	2.6790163069920876e+00	
1.0333380931263099e+01	9.2027270545391548e-01	2.6790158714469916e+00	
1.0333374355963434e+01	9.2027358568528772e-01	2.6790153843894111e+00	
1.0333367527200812e+01	9.2027449984809850e-01	2.6790148785566226e+00	
1.0333360862875141e+01	9.2027539199832209e-01	2.6790143849040757e+00	
1.0333354711795028e+01	9.2027621544103644e-01	2.6790139292694164e+00	
1.0333349323021539e+01	9.2027693683440448e-01	2.6790135301016371e+00	
1.0333344833432619e+01	9.2027753785447175e-01	2.6790131975399025e+00	
1.0333341273300565e+01	9.2027801444855750e-01	2.6790129338266726e+00	
1.0333338586073534e+01	9.2027837418713465e-01	2.6790127347729773e+00	
1.0333336656291337e+01	9.2027863252676378e-01	2.6790125918262540e+00	
1.0333335339061588e+01	9.2027880886411884e-01	2.6790124942537594e+00	
1.0333334485630248e+01	9.2027892311285731e-01	2.6790124310366910e+00	
1.0333333961710448e+01	9.2027899324993245e-01	2.6790123922278770e+00	
1.0333333657611186e+01	9.2027903395966026e-01	2.6790123697020594e+00	
1.0333333491153144e+01	9.2027905624337425e-01	2.6790123573718749e+00	
1.0333333405485492e+01	9.2027906771168888e-01	2.6790123510261430e+00	
1.0333333364180380e+01	9.2027907324119473e-01	2.6790123479664869e+00	
1.0333333345600593e+01	9.2027907572846390e-01	2.6790123465901243e+00	
1.0333333337842395e+01	9.2027907676704901e-01	2.6790123460152495e+00	
1.0333333334853153e+01	9.2027907716721513e-01	2.6790123457934389e+00	
1.0333333333798128e+01	9.2027907730844805e-01	2.6790123457145709e+00	
1.0333333333460152e+01	9.2027907735369030e-01	2.6790123456882422e+00	
1.0333333333363033e+01	9.2027907736668890e-01	2.6790123456787747e+00	
1.0333333333338391e+01	9.2027907736998460e-01	2.6790123456730304e+00	
1.0333333333332988e+01	9.2027907737070314e-01	2.6790123456659840e+00	
1.0333333333331982e+01	9.2027907737083037e-01	2.6790123456547557e+00	
1.0333333333331801e+01	9.2027907737084291e-01	2.6790123456360688e+00	
1.0333333333331730e+01	9.2027907737083603e-01	2.6790123456046566e+00	
1.0333333333331645e+01	9.2027907737082493e-01	2.6790123455514121e+00	
1.0333333333331545e+01	9.2027907737081138e-01	2.6790123454606638e+00	
1.0333333333331433e+01	9.2027907737079673e-01	2.6790123453060430e+00	
1.0333333333331332e+01	9.2027907737078296e-01	2.6790123450442063e+00	
