1.0333371247843912e+01	9.2027316377764401e-01	2.6790185729390616e+00	
1.0333371431198620e+01	9.2027315299029400e-01	2.6790183698791936e+00	
1.0333372845661444e+01	9.2027297852339440e-01	2.6790182286432973e+00	
1.0333373761447165e+01	9.2027287187690032e-01	2.6790180309284004e+00	
1.0333374138360382e+01	9.2027283836177731e-01	2.6790177833307429e+00	
1.0333373955860825e+01	9.2027288065395474e-01	2.6790174931483741e+00	
1.0333373214855623e+01	9.2027299855495270e-01	2.6790171681355961e+00	
1.0333371938161251e+01	9.2027318893060150e-01	2.6790168162914494e+00	
1.0333370169546997e+01	9.2027344583967929e-01	2.6790164456736654e+00	
1.0333367971398092e+01	9.2027376084732759e-01	2.6790160642272656e+00	
1.0333365421164572e+01	9.2027412350103033e-01	2.6790156796185451e+00	
1.0333362606875440e+01	9.2027452193170878e-01	2.6790152990693223e+00	
1.0333359622083686e+01	9.2027494353099970e-01	2.6790149291919687e+00	
1.0333356560655384e+01	9.2027537564939466e-01	2.6790145758312649e+00	
1.0333353511819414e+01	9.2027580625946581e-01	2.6790142439233091e+00	
1.0333350555854050e+01	9.2027622453381552e-01	2.6790139373837287e+00	
1.0333347760708078e+01	9.2027662129788412e-01	2.6790136590368419e+00	
1.0333345179748429e+01	9.2027698933192803e-01	2.6790134105945094e+00	
1.0333342850707160e+01	9.2027732351239366e-01	2.6790131926886938e+00	
1.0333340795783354e+01	9.2027762079864850e-01	2.6790130049562220e+00	
1.0333339022753650e+01	9.2027788008464162e-01	2.6790128461687992e+00	
1.0333337526869441e+01	9.2027810194520632e-01	2.6790127143969027e+00	
1.0333336293275689e+01	9.2027828831248504e-01	2.6790126071933948e+00	
1.0333335299676731e+01	9.2027844211924781e-01	2.6790125217817740e+00	
1.0333334518995430e+01	9.2027856694304822e-01	2.6790124552349601e+00	
1.0333333921816454e+01	9.2027866667923763e-01	2.6790124046330264e+00	
1.0333333478463306e+01	9.2027874526295761e-01	2.6790123671917438e+00	
1.0333333160622626e+01	9.2027880645170079e-01	2.6790123403577621e+00	
1.0333332942489585e+01	9.2027885367194184e-01	2.6790123218699367e+00	
1.0333332801458326e+01	9.2027888992662887e-01	2.6790123097894352e+00	
1.0333332718417934e+01	9.2027891775545301e-01	2.6790123025035206e+00	
1.0333332677735513e+01	9.2027893923696968e-01	2.6790122987090976e+00	
1.0333332667015249e+01	9.2027895602067877e-01	2.6790122973824593e+00	
1.0333332676718221e+01	9.2027896937771980e-01	2.6790122977412243e+00	
1.0333332699715806e+01	9.2027898026043786e-01	2.6790122992035155e+00	
1.0333332730833265e+01	9.2027898936323949e-01	2.6790123013482048e+00	
1.0333332766423045e+01	9.2027899717946349e-01	2.6790123038788258e+00	
1.0333332803991214e+01	9.2027900405111673e-01	2.6790123065925671e+00	
1.0333332841887595e+01	9.2027901021008651e-01	2.6790123093548850e+00	
1.0333332879060279e+01	9.2027901581071947e-01	2.6790123120795575e+00	
1.0333332914869079e+01	9.2027902095451464e-01	2.6790123147136158e+00	
1.0333332948949087e+01	9.2027902570810993e-01	2.6790123172263574e+00	
1.0333332981114365e+01	9.2027903011589918e-01	2.6790123196015969e+00	
1.0333333011292220e+01	9.2027903420856139e-01	2.6790123218323814e+00	
1.0333333039479792e+01	9.2027903800861421e-01	2.6790123239174850e+00	
1.0333333065716168e+01	9.2027904153389684e-01	2.6790123258591532e+00	
1.0333333090064992e+01	9.2027904479966571e-01	2.6790123276616895e+00	
1.0333333112603810e+01	9.2027904781979408e-01	2.6790123293305763e+00	
1.0333333133417682e+01	9.2027905060742488e-01	2.6790123308719513e+00	
1.0333333152595351e+01	9.2027905317529191e-01	2.6790123322922876e+00	
1.0333333170226901e+01	9.2027905553585831e-01	2.6790123335981941e+00	
1.0333333186402312e+01	9.2027905770135321e-01	2.6790123347962984e+00	
1.0333333201210502e+01	9.2027905968376111e-01	2.6790123358931632e+00	
1.0333333214738648e+01	9.2027906149478633e-01	2.6790123368952319e+00	
1.0333333227071689e+01	9.2027906314581398e-01	2.6790123378087878e+00	
1.0333333238291941e+01	9.2027906464786957e-01	2.6790123386399216e+00	
1.0333333248478798e+01	9.2027906601158360e-01	2.6790123393945136e+00	
1.0333333257708491e+01	9.2027906724716146e-01	2.6790123400782075e+00	
1.0333333266053900e+01	9.2027906836436058e-01	2.6790123406964006e+00	
1.0333333273584433e+01	9.2027906937247206e-01	2.6790123412542344e+00	
1.0333333280365919e+01	9.2027907028030920e-01	2.6790123417565841e+00	
1.0333333286460585e+01	9.2027907109620144e-01	2.6790123422080589e+00	
1.0333333291927017e+01	9.2027907182799229e-01	2.6790123426129986e+00	
1.0333333296820205e+01	9.2027907248304264e-01	2.6790123429754771e+00	
1.0333333301191567e+01	9.2027907306823609e-01	2.6790123432993029e+00	
1.0333333305089035e+01	9.2027907358998984e-01	2.6790123435880249e+00	
1.0333333308557153e+01	9.2027907405426634e-01	2.6790123438449438e+00	
1.0333333311637180e+01	9.2027907446658930e-01	2.6790123440731168e+00	
1.0333333314367216e+01	9.2027907483205895e-01	2.6790123442753648e+00	
1.0333333316782342e+01	9.2027907515537166e-01	2.6790123444542875e+00	
1.0333333318914759e+01	9.2027907544083842e-01	2.6790123446122682e+00	
1.0333333320793951e+01	9.2027907569240563e-01	2.6790123447514924e+00	
1.0333333322446824e+01	9.2027907591367553e-01	2.6790123448739536e+00	
1.0333333323897875e+01	9.2027907610792747e-01	2.6790123449814653e+00	
1.0333333325169342e+01	9.2027907627813810e-01	2.6790123450756762e+00	
1.0333333326281350e+01	9.2027907642700302e-01	2.6790123451580752e+00	
1.0333333327252090e+01	9.2027907655695562e-01	2.6790123452300123e+00	
1.0333333328097927e+01	9.2027907667018782e-01	2.6790123452926977e+00	
1.0333333328833577e+01	9.2027907676866916e-01	2.6790123453472225e+00	
1.0333333329472215e+01	9.2027907685416388e-01	2.6790123453945620e+00	
1.0333333330025628e+01	9.2027907692824895e-01	2.6790123454355901e+00	
