1.0333333334980699e+01	9.2027907712184120e-01	2.6790123458994231e+00	
1.0333333335311925e+01	9.2027907708271584e-01	2.6790123458834856e+00	
1.0333333336591624e+01	9.2027907691569277e-01	2.6790123459542867e+00	
1.0333333338609126e+01	9.2027907664913211e-01	2.6790123460895923e+00	
1.0333333341775521e+01	9.2027907622813621e-01	2.6790123463158499e+00	
1.0333333346713220e+01	9.2027907556949340e-01	2.6790123466767675e+00	
1.0333333354354318e+01	9.2027907454851554e-01	2.6790123472399618e+00	
1.0333333366078422e+01	9.2027907298059219e-01	2.6790123481067849e+00	
1.0333333383902026e+01	9.2027907059583902e-01	2.6790123494261113e+00	
1.0333333410733440e+01	9.2027906700497275e-01	2.6790123514130824e+00	
1.0333333450708109e+01	9.2027906165442530e-01	2.6790123543738571e+00	
1.0333333509618205e+01	9.2027905376883434e-01	2.6790123587373893e+00	
1.0333333595446653e+01	9.2027904227955604e-01	2.6790123650949491e+00	
1.0333333719007669e+01	9.2027902573891773e-01	2.6790123742475593e+00	
1.0333333894681864e+01	9.2027900222180736e-01	2.6790123872604288e+00	
1.0333334141212877e+01	9.2027896921903263e-01	2.6790124055219655e+00	
1.0333334482502812e+01	9.2027892353083618e-01	2.6790124308026892e+00	
1.0333334948306351e+01	9.2027886117397395e-01	2.6790124653066463e+00	
1.0333335574679714e+01	9.2027877732161623e-01	2.6790125117046655e+00	
1.0333336403995650e+01	9.2027866630133848e-01	2.6790125731354650e+00	
1.0333337484297269e+01	9.2027852168162938e-01	2.6790126531577898e+00	
1.0333338867742865e+01	9.2027833648008039e-01	2.6790127556352132e+00	
1.0333340607905773e+01	9.2027810352485728e-01	2.6790128845361227e+00	
1.0333342755752486e+01	9.2027781599311009e-01	2.6790130436358033e+00	
1.0333345354242294e+01	9.2027746813392108e-01	2.6790132361164103e+00	
1.0333348431679289e+01	9.2027705615827005e-01	2.6790134640745240e+00	
1.0333351994197232e+01	9.2027657924508210e-01	2.6790137279644748e+00	
1.0333356018047978e+01	9.2027604057357226e-01	2.6790140260271178e+00	
1.0333360442653062e+01	9.2027544825341712e-01	2.6790143537751385e+00	
1.0333365165606503e+01	9.2027481599371797e-01	2.6790147036228951e+00	
1.0333370040913481e+01	9.2027416333877377e-01	2.6790150647559567e+00	
1.0333374881645518e+01	9.2027351531261858e-01	2.6790154233277943e+00	
1.0333379467839389e+01	9.2027290136158835e-01	2.6790157630448848e+00	
1.0333383559856172e+01	9.2027235356594617e-01	2.6790160661562723e+00	
1.0333386916597677e+01	9.2027190420126970e-01	2.6790163148029267e+00	
1.0333389317062201e+01	9.2027158285281319e-01	2.6790164926144571e+00	
1.0333390582876715e+01	9.2027141339916307e-01	2.6790165863781388e+00	
1.0333390598860822e+01	9.2027141125938428e-01	2.6790165875621557e+00	
1.0333389328535048e+01	9.2027158131695508e-01	2.6790164934643435e+00	
1.0333386821893086e+01	9.2027191687930809e-01	2.6790163077879066e+00	
1.0333383213716330e+01	9.2027239990345044e-01	2.6790160405165744e+00	
1.0333378712093538e+01	9.2027300253279909e-01	2.6790157070642175e+00	
1.0333373578375475e+01	9.2027368978060820e-01	2.6790153267900312e+00	
1.0333368101230841e+01	9.2027442300305129e-01	2.6790149210767713e+00	
1.0333362568465949e+01	9.2027516367168638e-01	2.6790145112433459e+00	
1.0333357240599369e+01	9.2027587691100188e-01	2.6790141165873824e+00	
1.0333352329764713e+01	9.2027653432270495e-01	2.6790137528224753e+00	
1.0333347986443846e+01	9.2027711576176041e-01	2.6790134310954468e+00	
1.0333344295055541e+01	9.2027760992696628e-01	2.6790131576595768e+00	
1.0333341277874108e+01	9.2027801383638397e-01	2.6790129341648514e+00	
1.0333338905461813e+01	9.2027833143076954e-01	2.6790127584307326e+00	
1.0333337111011993e+01	9.2027857165346905e-01	2.6790126255086060e+00	
1.0333335805818820e+01	9.2027874637948448e-01	2.6790125288276889e+00	
1.0333334893460769e+01	9.2027886851673146e-01	2.6790124612456583e+00	
1.0333334281033260e+01	9.2027895050232245e-01	2.6790124158806998e+00	
1.0333333886658952e+01	9.2027900329716139e-01	2.6790123866678295e+00	
1.0333333643321390e+01	9.2027903587272986e-01	2.6790123686428671e+00	
1.0333333499655406e+01	9.2027905510527608e-01	2.6790123580009855e+00	
1.0333333418624187e+01	9.2027906595291353e-01	2.6790123519987175e+00	
1.0333333375041040e+01	9.2027907178738189e-01	2.6790123487703825e+00	
1.0333333352732986e+01	9.2027907477375570e-01	2.6790123471179825e+00	
1.0333333341891926e+01	9.2027907622504423e-01	2.6790123463149911e+00	
1.0333333336903063e+01	9.2027907689290012e-01	2.6790123459454978e+00	
1.0333333334735649e+01	9.2027907718304869e-01	2.6790123457850026e+00	
1.0333333333849735e+01	9.2027907730164282e-01	2.6790123457194341e+00	
1.0333333333510414e+01	9.2027907734706449e-01	2.6790123456943542e+00	
1.0333333333389199e+01	9.2027907736328873e-01	2.6790123456854307e+00	
1.0333333333349032e+01	9.2027907736866266e-01	2.6790123456825068e+00	
1.0333333333336764e+01	9.2027907737030179e-01	2.6790123456816417e+00	
1.0333333333333337e+01	9.2027907737075731e-01	2.6790123456814179e+00	
1.0333333333332465e+01	9.2027907737087078e-01	2.6790123456813579e+00	
1.0333333333332259e+01	9.2027907737089532e-01	2.6790123456813006e+00	
1.0333333333332211e+01	9.2027907737089854e-01	2.6790123456811750e+00	
1.0333333333332190e+01	9.2027907737089765e-01	2.6790123456809125e+00	
1.0333333333332178e+01	9.2027907737089576e-01	2.6790123456804129e+00	
1.0333333333332162e+01	9.2027907737089432e-01	2.6790123456795079e+00	
1.0333333333332147e+01	9.2027907737089243e-01	2.6790123456779185e+00	
1.0333333333332133e+01	9.2027907737089065e-01	2.6790123456751807e+00	
1.0333333333332121e+01	9.2027907737088877e-01	2.6790123456705150e+00	
1.0333333333332105e+01	9.2027907737088677e-01	2.6790123456626054e+00	
1.0333333333332089e+01	9.2027907737088466e-01	2.6790123456492183e+00	
