1.0333360167889330e+01	9.2027491273205619e-01	2.6790166101690267e+00	
1.0333360789508435e+01	9.2027485263577169e-01	2.6790163643411975e+00	
1.0333363910799502e+01	9.2027445791461149e-01	2.6790163169918841e+00	
1.0333366903417723e+01	9.2027408034542846e-01	2.6790162791945855e+00	
1.0333369673517421e+01	9.2027373241594346e-01	2.6790162479779784e+00	
1.0333372126364772e+01	9.2027342673656831e-01	2.6790162186324427e+00	
1.0333374171469133e+01	9.2027317535383102e-01	2.6790161852932624e+00	
1.0333375727988539e+01	9.2027298902703447e-01	2.6790161415992126e+00	
1.0333376729988538e+01	9.2027287652451151e-01	2.6790160813629744e+00	
1.0333377131100317e+01	9.2027284400023601e-01	2.6790159991928340e+00	
1.0333376908137986e+01	9.2027289450972538e-01	2.6790158910130453e+00	
1.0333376063299305e+01	9.2027302771552000e-01	2.6790157544421476e+00	
1.0333374624686362e+01	9.2027323981752096e-01	2.6790155890033769e+00	
1.0333372645032521e+01	9.2027352372340432e-01	2.6790153961578045e+00	
1.0333370198693048e+01	9.2027386945142520e-01	2.6790151791674965e+00	
1.0333367377129107e+01	9.2027426473487739e-01	2.6790149428112735e+00	
1.0333364283266020e+01	9.2027469577721110e-01	2.6790146929881629e+00	
1.0333361025217462e+01	9.2027514809199984e-01	2.6790144362520949e+00	
1.0333357709922671e+01	9.2027560735452574e-01	2.6790141793250237e+00	
1.0333354437236741e+01	9.2027606019268526e-01	2.6790139286342431e+00	
1.0333351294946381e+01	9.2027649485397867e-01	2.6790136899135040e+00	
1.0333348355065475e+01	9.2027690170116205e-01	2.6790134678976716e+00	
1.0333345671613182e+01	9.2027727350941280e-01	2.6790132661283295e+00	
1.0333343279913811e+01	9.2027760555976734e-01	2.6790130868747593e+00	
1.0333341197303415e+01	9.2027789554423434e-01	2.6790129311625432e+00	
1.0333339425002256e+01	9.2027814331482649e-01	2.6790127988922321e+00	
1.0333337950827870e+01	9.2027835052006179e-01	2.6790126890238715e+00	
1.0333336752386780e+01	9.2027852017738976e-01	2.6790125998002763e+00	
1.0333335800392300e+01	9.2027865622874283e-01	2.6790125289825082e+00	
1.0333335061803728e+01	9.2027876312000834e-01	2.6790124740745154e+00	
1.0333334502556458e+01	9.2027884543527083e-01	2.6790124325194258e+00	
1.0333334089739125e+01	9.2027890760509734e-01	2.6790124018564203e+00	
1.0333333793159476e+01	9.2027895369666868e-01	2.6790123798335235e+00	
1.0333333586314525e+01	9.2027898728366653e-01	2.6790123644771628e+00	
1.0333333446836031e+01	9.2027901138643364e-01	2.6790123541235462e+00	
1.0333333356515789e+01	9.2027902846838194e-01	2.6790123474193921e+00	
1.0333333301028903e+01	9.2027904047286657e-01	2.6790123433006521e+00	
1.0333333269469154e+01	9.2027904888522405e-01	2.6790123409575579e+00	
1.0333333253795089e+01	9.2027905480678474e-01	2.6790123397932297e+00	
1.0333333248263326e+01	9.2027905903061336e-01	2.6790123393814596e+00	
1.0333333248901608e+01	9.2027906211194599e-01	2.6790123394275200e+00	
1.0333333253052265e+01	9.2027906442921770e-01	2.6790123397342414e+00	
1.0333333258998728e+01	9.2027906623399436e-01	2.6790123401742831e+00	
1.0333333265674758e+01	9.2027906768983470e-01	2.6790123406685478e+00	
1.0333333272448060e+01	9.2027906890122058e-01	2.6790123411701265e+00	
1.0333333278965815e+01	9.2027906993420572e-01	2.6790123416528409e+00	
1.0333333285048694e+01	9.2027907083058624e-01	2.6790123421033818e+00	
1.0333333290620891e+01	9.2027907161726219e-01	2.6790123425161187e+00	
1.0333333295665636e+01	9.2027907231219508e-01	2.6790123428897981e+00	
1.0333333300197969e+01	9.2027907292806721e-01	2.6790123432255299e+00	
1.0333333304248681e+01	9.2027907347445070e-01	2.6790123435255917e+00	
1.0333333307855213e+01	9.2027907395904962e-01	2.6790123437927540e+00	
1.0333333311056746e+01	9.2027907438839229e-01	2.6790123440299185e+00	
1.0333333313891647e+01	9.2027907476820614e-01	2.6790123442399261e+00	
1.0333333316396269e+01	9.2027907510361917e-01	2.6790123444254701e+00	
1.0333333318604435e+01	9.2027907539927079e-01	2.6790123445890552e+00	
1.0333333320547283e+01	9.2027907565937550e-01	2.6790123447329890e+00	
1.0333333322253290e+01	9.2027907588776436e-01	2.6790123448593786e+00	
1.0333333323748390e+01	9.2027907608791515e-01	2.6790123449701460e+00	
1.0333333325056111e+01	9.2027907626298011e-01	2.6790123450670342e+00	
1.0333333326197728e+01	9.2027907641580819e-01	2.6790123451516195e+00	
1.0333333327192427e+01	9.2027907654896857e-01	2.6790123452253223e+00	
1.0333333328057465e+01	9.2027907666477105e-01	2.6790123452894212e+00	
1.0333333328808319e+01	9.2027907676528764e-01	2.6790123453450625e+00	
1.0333333329458833e+01	9.2027907685237209e-01	2.6790123453932719e+00	
1.0333333330021365e+01	9.2027907692767841e-01	2.6790123454349648e+00	
1.0333333330506912e+01	9.2027907699267886e-01	2.6790123454709560e+00	
1.0333333330925241e+01	9.2027907704868028e-01	2.6790123455019690e+00	
1.0333333331284999e+01	9.2027907709684054e-01	2.6790123455286445e+00	
1.0333333331593819e+01	9.2027907713818213e-01	2.6790123455515467e+00	
1.0333333331858443e+01	9.2027907717360724e-01	2.6790123455711772e+00	
1.0333333332084784e+01	9.2027907720390811e-01	2.6790123455879717e+00	
1.0333333332278047e+01	9.2027907722977997e-01	2.6790123456023176e+00	
1.0333333332442770e+01	9.2027907725183156e-01	2.6790123456145505e+00	
1.0333333332582930e+01	9.2027907727059466e-01	2.6790123456249657e+00	
1.0333333332701981e+01	9.2027907728653180e-01	2.6790123456338177e+00	
1.0333333332802930e+01	9.2027907730004588e-01	2.6790123456413308e+00	
1.0333333332888389e+01	9.2027907731148606e-01	2.6790123456476977e+00	
1.0333333332960606e+01	9.2027907732115422e-01	2.6790123456530845e+00	
1.0333333333021542e+01	9.2027907732931147e-01	2.6790123456576374e+00	
1.0333333333072868e+01	9.2027907733618297e-01	2.6790123456614792e+00	
