1.0333371721524562e+01	9.2027308762442761e-01	2.6790186665112619e+00	
1.0333371859794834e+01	9.2027308156791388e-01	2.6790184740190299e+00	
1.0333373075319113e+01	9.2027293249022979e-01	2.6790183287405238e+00	
1.0333373778641569e+01	9.2027285311091911e-01	2.6790181226135412e+00	
1.0333373937199754e+01	9.2027284772405460e-01	2.6790178628523607e+00	
1.0333373538669349e+01	9.2027291791008947e-01	2.6790175575935651e+00	
1.0333372592243958e+01	9.2027306236505158e-01	2.6790172155727339e+00	
1.0333371128560279e+01	9.2027327691110472e-01	2.6790168458282566e+00	
1.0333369198228420e+01	9.2027355469385386e-01	2.6790164574321920e+00	
1.0333366869053286e+01	9.2027388655489240e-01	2.6790160592450833e+00	
1.0333364222154101e+01	9.2027426155185865e-01	2.6790156596914163e+00	
1.0333361347291705e+01	9.2027466758455168e-01	2.6790152665545373e+00	
1.0333358337784043e+01	9.2027509207616953e-01	2.6790148867931034e+00	
1.0333355285421284e+01	9.2027552265459334e-01	2.6790145263844538e+00	
1.0333352275779031e+01	9.2027594778036093e-01	2.6790141902025648e+00	
1.0333349384274063e+01	9.2027635727521873e-01	2.6790138819387987e+00	
1.0333346673219257e+01	9.2027674271689752e-01	2.6790136040723125e+00	
1.0333344190024322e+01	9.2027709768045618e-01	2.6790133578937518e+00	
1.0333341966571918e+01	9.2027741782225547e-01	2.6790131435816171e+00	
1.0333340019687686e+01	9.2027770081744575e-01	2.6790129603258843e+00	
1.0333338352531527e+01	9.2027794617408720e-01	2.6790128064891991e+00	
1.0333336956674122e+01	9.2027815495549548e-01	2.6790126797927649e+00	
1.0333335814592123e+01	9.2027832944649046e-01	2.6790125775124665e+00	
1.0333334902317027e+01	9.2027847279903074e-01	2.6790124966708944e+00	
1.0333334192001956e+01	9.2027858868878409e-01	2.6790124342126664e+00	
1.0333333654219867e+01	9.2027868100761256e-01	2.6790123871533988e+00	
1.0333333259866817e+01	9.2027875360887479e-01	2.6790123526962764e+00	
1.0333332981606040e+01	9.2027881011416346e-01	2.6790123283139615e+00	
1.0333332794844715e+01	9.2027885378254903e-01	2.6790123117969604e+00	
1.0333332678280296e+01	9.2027888743741448e-01	2.6790123012722602e+00	
1.0333332614083789e+01	9.2027891344184554e-01	2.6790122951977837e+00	
1.0333332587803692e+01	9.2027893371138381e-01	2.6790122923390736e+00	
1.0333332588077287e+01	9.2027894975253755e-01	2.6790122917345216e+00	
1.0333332606229231e+01	9.2027896271634602e-01	2.6790122926548592e+00	
1.0333332635824064e+01	9.2027897345809040e-01	2.6790122945614967e+00	
1.0333332672222822e+01	9.2027898259643170e-01	2.6790122970671009e+00	
1.0333332712177338e+01	9.2027899056748297e-01	2.6790122999005299e+00	
1.0333332753481031e+01	9.2027899767130661e-01	2.6790123028772204e+00	
1.0333332794683180e+01	9.2027900410989827e-01	2.6790123058752622e+00	
1.0333332834865296e+01	9.2027901001685131e-01	2.6790123088168243e+00	
1.0333332873472948e+01	9.2027901547959234e-01	2.6790123116542608e+00	
1.0333332910193938e+01	9.2027902055541067e-01	2.6790123143600724e+00	
1.0333332944873030e+01	9.2027902528259353e-01	2.6790123169198732e+00	
1.0333332977454232e+01	9.2027902968788078e-01	2.6790123193276312e+00	
1.0333333007942882e+01	9.2027903379126952e-01	2.6790123215825172e+00	
1.0333333036381459e+01	9.2027903760899665e-01	2.6790123236868917e+00	
1.0333333062834509e+01	9.2027904115530645e-01	2.6790123256450338e+00	
1.0333333087379428e+01	9.2027904444344710e-01	2.6790123274623574e+00	
1.0333333110100895e+01	9.2027904748619860e-01	2.6790123291449346e+00	
1.0333333131087477e+01	9.2027905029611434e-01	2.6790123306992024e+00	
1.0333333150429523e+01	9.2027905288561751e-01	2.6790123321317743e+00	
1.0333333168217781e+01	9.2027905526700460e-01	2.6790123334493257e+00	
1.0333333184542472e+01	9.2027905745241845e-01	2.6790123346585100e+00	
1.0333333199492566e+01	9.2027905945379662e-01	2.6790123357658997e+00	
1.0333333213155251e+01	9.2027906128282255e-01	2.6790123367779421e+00	
1.0333333225615478e+01	9.2027906295087325e-01	2.6790123377009230e+00	
1.0333333236955625e+01	9.2027906446897723e-01	2.6790123385409426e+00	
1.0333333247255162e+01	9.2027906584777541e-01	2.6790123393038829e+00	
1.0333333256590452e+01	9.2027906709748952e-01	2.6790123399953996e+00	
1.0333333265034536e+01	9.2027906822789851e-01	2.6790123406209032e+00	
1.0333333272657020e+01	9.2027906924831981e-01	2.6790123411855484e+00	
1.0333333279523959e+01	9.2027907016759602e-01	2.6790123416942286e+00	
1.0333333285697815e+01	9.2027907099408968e-01	2.6790123421515699e+00	
1.0333333291237444e+01	9.2027907173567913e-01	2.6790123425619323e+00	
1.0333333296198107e+01	9.2027907239976237e-01	2.6790123429294095e+00	
1.0333333300631503e+01	9.2027907299326106e-01	2.6790123432578294e+00	
1.0333333304585873e+01	9.2027907352263139e-01	2.6790123435507676e+00	
1.0333333308106038e+01	9.2027907399387554e-01	2.6790123438115430e+00	
1.0333333311233556e+01	9.2027907441255630e-01	2.6790123440432341e+00	
1.0333333314006817e+01	9.2027907478381266e-01	2.6790123442486840e+00	
1.0333333316461195e+01	9.2027907511237972e-01	2.6790123444305145e+00	
1.0333333318629165e+01	9.2027907540260578e-01	2.6790123445911296e+00	
1.0333333320540483e+01	9.2027907565847367e-01	2.6790123447327341e+00	
1.0333333322222318e+01	9.2027907588362057e-01	2.6790123448573406e+00	
1.0333333323699415e+01	9.2027907608135917e-01	2.6790123449667829e+00	
1.0333333324994248e+01	9.2027907625469862e-01	2.6790123450627248e+00	
1.0333333326127180e+01	9.2027907640636419e-01	2.6790123451466750e+00	
1.0333333327116607e+01	9.2027907653881835e-01	2.6790123452199972e+00	
1.0333333327979098e+01	9.2027907665428021e-01	2.6790123452839167e+00	
1.0333333328729552e+01	9.2027907675474341e-01	2.6790123453395385e+00	
1.0333333329381329e+01	9.2027907684199650e-01	2.6790123453878527e+00	
