1.0333333394892817e+01	9.2027906801397863e-01	2.6790123541834188e+00	
1.0333333404365893e+01	9.2027906691700101e-01	2.6790123534421433e+00	
1.0333333441448049e+01	9.2027906209919530e-01	2.6790123552592222e+00	
1.0333333494819703e+01	9.2027905507924934e-01	2.6790123586198136e+00	
1.0333333570996224e+01	9.2027904498788549e-01	2.6790123638881953e+00	
1.0333333678657091e+01	9.2027903066575245e-01	2.6790123716289460e+00	
1.0333333829169666e+01	9.2027901059334538e-01	2.6790123826328811e+00	
1.0333334037150843e+01	9.2027898281585907e-01	2.6790123979496676e+00	
1.0333334321025472e+01	9.2027894486846051e-01	2.6790124189229978e+00	
1.0333334703518311e+01	9.2027889371046223e-01	2.6790124472228536e+00	
1.0333335211990653e+01	9.2027882568028629e-01	2.6790124848676609e+00	
1.0333335878506800e+01	9.2027873648658798e-01	2.6790125342273878e+00	
1.0333336739493157e+01	9.2027862125391824e-01	2.6790125979971169e+00	
1.0333337834839433e+01	9.2027847464306367e-01	2.6790126791297095e+00	
1.0333339206294843e+01	9.2027829106576686e-01	2.6790127807165298e+00	
1.0333340895039425e+01	9.2027806500986797e-01	2.6790129058072454e+00	
1.0333342938369002e+01	9.2027779148310662e-01	2.6790130571640840e+00	
1.0333345365525744e+01	9.2027746657129272e-01	2.6790132369528741e+00	
1.0333348192834448e+01	9.2027708808942621e-01	2.6790134463827004e+00	
1.0333351418459413e+01	9.2027665628359590e-01	2.6790136853174826e+00	
1.0333355017262193e+01	9.2027617451938037e-01	2.6790139518950471e+00	
1.0333358936390889e+01	9.2027564987230537e-01	2.6790142422003949e+00	
1.0333363092335388e+01	9.2027509352205983e-01	2.6790145500475662e+00	
1.0333367370204524e+01	9.2027452084925498e-01	2.6790148669260971e+00	
1.0333371625890367e+01	9.2027395114569011e-01	2.6790151821613368e+00	
1.0333375691562226e+01	9.2027340687886672e-01	2.6790154833214137e+00	
1.0333379384581033e+01	9.2027291249862897e-01	2.6790157568775581e+00	
1.0333382519470881e+01	9.2027249283454349e-01	2.6790159890908791e+00	
1.0333384922085779e+01	9.2027217119941929e-01	2.6790161670617469e+00	
1.0333386444644807e+01	9.2027196737657757e-01	2.6790162798434971e+00	
1.0333386979969559e+01	9.2027189571391244e-01	2.6790163194970429e+00	
1.0333386473128447e+01	9.2027196356509500e-01	2.6790162819534080e+00	
1.0333384928832043e+01	9.2027217029956954e-01	2.6790161675615178e+00	
1.0333382413346603e+01	9.2027250704639274e-01	2.6790159812299481e+00	
1.0333379050358138e+01	9.2027295724789560e-01	2.6790157321205599e+00	
1.0333375011032530e+01	9.2027349799031077e-01	2.6790154329122244e+00	
1.0333370499342701e+01	9.2027410196799464e-01	2.6790150987139629e+00	
1.0333365734423035e+01	9.2027473984561359e-01	2.6790147457578786e+00	
1.0333360932132573e+01	9.2027538272625686e-01	2.6790143900334731e+00	
1.0333356288078951e+01	9.2027600442401758e-01	2.6790140460301743e+00	
1.0333351964060746e+01	9.2027658327895290e-01	2.6790137257330526e+00	
1.0333348079286868e+01	9.2027710333255852e-01	2.6790134379724111e+00	
1.0333344706948241e+01	9.2027755478672946e-01	2.6790131881698200e+00	
1.0333341875903384e+01	9.2027793377812761e-01	2.6790129784629757e+00	
1.0333339576545768e+01	9.2027824159272908e-01	2.6790128081403091e+00	
1.0333337769462014e+01	9.2027848350675712e-01	2.6790126742823315e+00	
1.0333336395321131e+01	9.2027866746281439e-01	2.6790125724941718e+00	
1.0333335384546286e+01	9.2027880277512397e-01	2.6790124976220002e+00	
1.0333334665646076e+01	9.2027889901421900e-01	2.6790124443701648e+00	
1.0333334171523802e+01	9.2027896516232144e-01	2.6790124077685440e+00	
1.0333333843536401e+01	9.2027900906996696e-01	2.6790123834732098e+00	
1.0333333633454151e+01	9.2027903719366189e-01	2.6790123679115894e+00	
1.0333333503726768e+01	9.2027905456025860e-01	2.6790123583021832e+00	
1.0333333426577452e+01	9.2027906488823408e-01	2.6790123525874483e+00	
1.0333333382442371e+01	9.2027907079659588e-01	2.6790123493182141e+00	
1.0333333358186197e+01	9.2027907404376996e-01	2.6790123475214926e+00	
1.0333333345397707e+01	9.2027907575576517e-01	2.6790123465742299e+00	
1.0333333338940019e+01	9.2027907662025610e-01	2.6790123460959170e+00	
1.0333333335822418e+01	9.2027907703760958e-01	2.6790123458650195e+00	
1.0333333334386312e+01	9.2027907722986058e-01	2.6790123457586779e+00	
1.0333333333756505e+01	9.2027907731417236e-01	2.6790123457120636e+00	
1.0333333333494203e+01	9.2027907734928582e-01	2.6790123456926738e+00	
1.0333333333390749e+01	9.2027907736313386e-01	2.6790123456850519e+00	
1.0333333333352233e+01	9.2027907736828884e-01	2.6790123456822430e+00	
1.0333333333338741e+01	9.2027907737009329e-01	2.6790123456812887e+00	
1.0333333333334314e+01	9.2027907737068415e-01	2.6790123456810071e+00	
1.0333333333332959e+01	9.2027907737086401e-01	2.6790123456809556e+00	
1.0333333333332570e+01	9.2027907737091408e-01	2.6790123456809765e+00	
1.0333333333332464e+01	9.2027907737092629e-01	2.6790123456810204e+00	
1.0333333333332430e+01	9.2027907737092851e-01	2.6790123456810697e+00	
1.0333333333332414e+01	9.2027907737092818e-01	2.6790123456811208e+00	
1.0333333333332407e+01	9.2027907737092729e-01	2.6790123456811710e+00	
1.0333333333332400e+01	9.2027907737092574e-01	2.6790123456812163e+00	
1.0333333333332391e+01	9.2027907737092463e-01	2.6790123456812514e+00	
1.0333333333332380e+01	9.2027907737092329e-01	2.6790123456812669e+00	
1.0333333333332371e+01	9.2027907737092218e-01	2.6790123456812500e+00	
1.0333333333332360e+01	9.2027907737092063e-01	2.6790123456811723e+00	
1.0333333333332350e+01	9.2027907737091952e-01	2.6790123456809929e+00	
1.0333333333332341e+01	9.2027907737091807e-01	2.6790123456806385e+00	
1.0333333333332330e+01	9.2027907737091663e-01	2.6790123456799853e+00	
1.0333333333332320e+01	9.2027907737091519e-01	2.6790123456788288e+00	
