1.0333333333966689e+01	9.2027907727531122e-01	2.6790123457633235e+00	
1.0333333334099491e+01	9.2027907725957581e-01	2.6790123457575268e+00	
1.0333333334612160e+01	9.2027907719261304e-01	2.6790123457863575e+00	
1.0333333335434046e+01	9.2027907708394863e-01	2.6790123458419126e+00	
1.0333333336747286e+01	9.2027907690925415e-01	2.6790123459360999e+00	
1.0333333338834493e+01	9.2027907663074271e-01	2.6790123460889217e+00	
1.0333333342129977e+01	9.2027907619031069e-01	2.6790123463320019e+00	
1.0333333347294252e+01	9.2027907549956667e-01	2.6790123467139488e+00	
1.0333333355320669e+01	9.2027907442555557e-01	2.6790123473081588e+00	
1.0333333367685407e+01	9.2027907277068211e-01	2.6790123482238704e+00	
1.0333333386554356e+01	9.2027907024501632e-01	2.6790123496214586e+00	
1.0333333415062548e+01	9.2027906642888602e-01	2.6790123517331126e+00	
1.0333333457682729e+01	9.2027906072353582e-01	2.6790123548901268e+00	
1.0333333520698652e+01	9.2027905228777052e-01	2.6790123595579525e+00	
1.0333333612794247e+01	9.2027903995907978e-01	2.6790123663798360e+00	
1.0333333745760530e+01	9.2027902215900914e-01	2.6790123762291835e+00	
1.0333333935305738e+01	9.2027899678470360e-01	2.6790123902695653e+00	
1.0333334201929576e+01	9.2027896109187435e-01	2.6790124100194759e+00	
1.0333334571787937e+01	9.2027891157903940e-01	2.6790124374163891e+00	
1.0333335077430814e+01	9.2027884388873893e-01	2.6790124748714135e+00	
1.0333335758245592e+01	9.2027875274819382e-01	2.6790125253021313e+00	
1.0333336660386426e+01	9.2027863197876048e-01	2.6790125921273682e+00	
1.0333337835927704e+01	9.2027847460925571e-01	2.6790126792044813e+00	
1.0333339340959800e+01	9.2027827313088451e-01	2.6790127906883088e+00	
1.0333341232365337e+01	9.2027801992879688e-01	2.6790129307923678e+00	
1.0333343563093029e+01	9.2027770791478625e-01	2.6790131034387734e+00	
1.0333346375897904e+01	9.2027733136528234e-01	2.6790133117945492e+00	
1.0333349695748547e+01	9.2027688693779330e-01	2.6790135577091982e+00	
1.0333353521403859e+01	9.2027637479852065e-01	2.6790138410907627e+00	
1.0333357817003233e+01	9.2027579974817497e-01	2.6790141592828753e+00	
1.0333362504840599e+01	9.2027517218930110e-01	2.6790145065295099e+00	
1.0333367460728191e+01	9.2027450874691630e-01	2.6790148736315627e+00	
1.0333372513413584e+01	9.2027383234653470e-01	2.6790152479036786e+00	
1.0333377449314261e+01	9.2027317158033572e-01	2.6790156135249639e+00	
1.0333382023329918e+01	9.2027255925971929e-01	2.6790159523399062e+00	
1.0333385975692590e+01	9.2027203015958714e-01	2.6790162451065251e+00	
1.0333389053801772e+01	9.2027161809530267e-01	2.6790164731137831e+00	
1.0333391036925494e+01	9.2027135261599835e-01	2.6790166200112746e+00	
1.0333391760746760e+01	9.2027125571859292e-01	2.6790166736274612e+00	
1.0333391138230668e+01	9.2027133905435010e-01	2.6790166275153631e+00	
1.0333389173371943e+01	9.2027160208852588e-01	2.6790164819708804e+00	
1.0333385965141757e+01	9.2027203157200399e-01	2.6790162443251497e+00	
1.0333381700325949e+01	9.2027260250001808e-01	2.6790159284140538e+00	
1.0333376635713604e+01	9.2027328049651536e-01	2.6790155532588740e+00	
1.0333371071911865e+01	9.2027402531951141e-01	2.6790151411266785e+00	
1.0333365322537285e+01	9.2027479498540044e-01	2.6790147152482211e+00	
1.0333359683326000e+01	9.2027554990413996e-01	2.6790142975298159e+00	
1.0333354405621831e+01	9.2027625642840105e-01	2.6790139065895016e+00	
1.0333349677756607e+01	9.2027688934619423e-01	2.6790135563777970e+00	
1.0333345616255142e+01	9.2027743305828491e-01	2.6790132555262023e+00	
1.0333342266951895e+01	9.2027788142873335e-01	2.6790130074299032e+00	
1.0333339614419067e+01	9.2027823652277596e-01	2.6790128109461415e+00	
1.0333337596930809e+01	9.2027850660358101e-01	2.6790126615026661e+00	
1.0333336123720368e+01	9.2027870382203658e-01	2.6790125523760353e+00	
1.0333335091527559e+01	9.2027884200154308e-01	2.6790124759173621e+00	
1.0333334398210095e+01	9.2027893481586043e-01	2.6790124245605602e+00	
1.0333333952231355e+01	9.2027899451897766e-01	2.6790123915251445e+00	
1.0333333677854277e+01	9.2027903124980182e-01	2.6790123712009621e+00	
1.0333333516649272e+01	9.2027905283029443e-01	2.6790123592598980e+00	
1.0333333426356846e+01	9.2027906491772848e-01	2.6790123525716196e+00	
1.0333333378239400e+01	9.2027907135920262e-01	2.6790123490074151e+00	
1.0333333353897887e+01	9.2027907461779501e-01	2.6790123472043925e+00	
1.0333333342238832e+01	9.2027907617858828e-01	2.6790123463408135e+00	
1.0333333336966954e+01	9.2027907688433142e-01	2.6790123459503601e+00	
1.0333333334724218e+01	9.2027907718456281e-01	2.6790123457842876e+00	
1.0333333333830108e+01	9.2027907730425396e-01	2.6790123457181125e+00	
1.0333333333497601e+01	9.2027907734876357e-01	2.6790123456935340e+00	
1.0333333333382880e+01	9.2027907736411785e-01	2.6790123456850807e+00	
1.0333333333346397e+01	9.2027907736899839e-01	2.6790123456824078e+00	
1.0333333333335787e+01	9.2027907737041525e-01	2.6790123456816244e+00	
1.0333333333332988e+01	9.2027907737078662e-01	2.6790123456813713e+00	
1.0333333333332320e+01	9.2027907737087211e-01	2.6790123456811927e+00	
1.0333333333332174e+01	9.2027907737088821e-01	2.6790123456809098e+00	
1.0333333333332137e+01	9.2027907737088943e-01	2.6790123456803867e+00	
1.0333333333332119e+01	9.2027907737088810e-01	2.6790123456794430e+00	
1.0333333333332103e+01	9.2027907737088610e-01	2.6790123456777848e+00	
1.0333333333332087e+01	9.2027907737088410e-01	2.6790123456749293e+00	
1.0333333333332069e+01	9.2027907737088188e-01	2.6790123456700670e+00	
1.0333333333332053e+01	9.2027907737087988e-01	2.6790123456618375e+00	
1.0333333333332039e+01	9.2027907737087777e-01	2.6790123456479260e+00	
1.0333333333332023e+01	9.2027907737087544e-01	2.6790123456243817e+00	
